>MA0265.1 ABF1
A [ 11.00   0.00   0.00   0.00  41.00  22.00  39.00  34.00  40.00  41.00  12.00   0.00  92.00   0.00  37.00  34.00]
C [ 41.00  99.00   0.00   0.00  17.00  24.00  16.00  18.00  21.00   0.00  25.00   0.00   8.00  45.00  22.00  18.00]
G [  4.00   0.00  99.00   0.00  22.00  26.00  28.00  20.00  24.00  57.00   9.00  81.00   0.00   9.00  18.00  14.00]
T [ 44.00   1.00   0.00  99.00  20.00  28.00  17.00  28.00  15.00   0.00  55.00  19.00   0.00  46.00  23.00  34.00]
>MA0266.1 ABF2
A [ 18.00   9.00   0.00   0.00 100.00   0.00  95.00]
C [ 39.00   9.00 100.00   0.00   0.00   0.00   2.00]
G [ 25.00   2.00   0.00   0.00   0.00 100.00   2.00]
T [ 18.00  80.00   0.00 100.00   0.00   0.00   2.00]
>MA0267.1 ACE2
A [ 45.00   1.00   0.00  90.00   0.00   0.00  49.00]
C [ 28.00  92.00 100.00  10.00   0.00 100.00  20.00]
G [ 21.00   6.00   0.00   0.00 100.00   0.00  17.00]
T [  5.00   1.00   0.00   0.00   0.00   0.00  14.00]
>MA0268.1 ADR1
A [ 41.00   0.00   0.00   0.00   0.00  64.00  34.00]
C [ 24.00 100.00  85.00 100.00 100.00   6.00  51.00]
G [ 13.00   0.00   0.00   0.00   0.00  20.00   6.00]
T [ 22.00   0.00  15.00   0.00   0.00  10.00   9.00]
>MA0269.1 AFT1
A [106.00 155.00 362.00 179.00 426.00 136.00 716.00 145.00  34.00 160.00  10.00 961.00   8.00  25.00  19.00 181.00 265.00 287.00 276.00 123.00 154.00]
C [205.00 249.00 197.00 396.00 231.00  78.00  25.00  31.00  47.00  10.00 966.00   9.00 972.00 955.00 740.00 257.00 252.00 155.00 180.00 225.00 236.00]
G [231.00 220.00 221.00 222.00 154.00 142.00  31.00 288.00  39.00 812.00  11.00  15.00   9.00   2.00  13.00 494.00 241.00 183.00  68.00 357.00 458.00]
T [456.00 374.00 218.00 200.00 187.00 641.00 226.00 535.00 878.00  16.00  10.00  14.00  10.00  16.00 225.00  65.00 240.00 373.00 474.00 292.00 150.00]
>MA0270.1 AFT2
A [  8.00  70.00   0.00 100.00   0.00   0.00   0.00   9.00]
C [ 45.00   0.00 100.00   0.00 100.00 100.00 100.00  42.00]
G [ 27.00  30.00   0.00   0.00   0.00   0.00   0.00  27.00]
T [ 20.00   0.00   0.00   0.00   0.00   0.00   0.00  21.00]
>MA0271.1 ARG80
A [ 89.00   0.00 161.00   0.00  44.00   0.00]
C [  0.00   0.00   0.00 301.00   0.00 256.00]
G [  0.00 301.00   0.00   0.00  79.00   0.00]
T [ 69.00   0.00   0.00   0.00  69.00  20.00]
>MA0272.1 ARG81
A [ 59.00   6.00  20.00 169.00   0.00   1.00   0.00  59.00]
C [ 12.00   0.00   0.00   0.00 271.00   0.00 279.00  59.00]
G [ 83.00   4.00 239.00   0.00   0.00   0.00   0.00   4.00]
T [ 44.00 154.00   0.00   0.00   1.00 164.00   0.00  64.00]
>MA0273.1 ARO80
A [102.00 330.00 126.00 407.00 390.00 310.00  83.00  40.00   5.00   5.00   1.00   1.00  15.00 670.00 690.00 105.00 269.00 353.00 257.00 236.00 278.00]
C [155.00 193.00 232.00 253.00 193.00 198.00 154.00 744.00 231.00 987.00  22.00   5.00 359.00   4.00  68.00 222.00 119.00 210.00 217.00 103.00 252.00]
G [531.00 301.00 317.00 203.00 229.00 135.00 336.00  30.00   8.00   1.00 975.00 990.00 295.00   6.00  60.00 372.00 193.00 205.00 178.00 349.00 170.00]
T [210.00 174.00 323.00 136.00 186.00 355.00 426.00 185.00 753.00   5.00   1.00   2.00 329.00 318.00 181.00 299.00 418.00 230.00 347.00 310.00 298.00]
>MA0274.1 ARR1
A [160.00  24.00  30.00   0.00  73.00 129.00 137.00  11.00]
C [  0.00  75.00  70.00   0.00   0.00  41.00   0.00   0.00]
G [  0.00  29.00   0.00   0.00 161.00  12.00  29.00  24.00]
T [  0.00  73.00  87.00 161.00   0.00   0.00   3.00 129.00]
>MA0275.1 ASG1
A [  0.00   0.00   0.00   0.00  72.00  53.00]
C [ 76.00 100.00   0.00   0.00  11.00   0.00]
G [  0.00   0.00 100.00 100.00  16.00   0.00]
T [ 24.00   0.00   0.00   0.00   0.00  47.00]
>MA0276.1 ASH1
A [  0.00   0.00  61.00  58.00 130.00   0.00  33.00  80.00   0.00   0.00]
C [220.00 291.00  21.00  54.00   0.00  11.00 150.00   0.00   8.00   0.00]
G [  8.00   0.00 133.00 101.00  54.00   8.00   8.00  92.00 249.00 256.00]
T [ 35.00   3.00  10.00  12.00   0.00 147.00  35.00  26.00  19.00  18.00]
>MA0277.1 AZF1
A [ 63.00 100.00 100.00  88.00  75.00   0.00  78.00  81.00  63.00]
C [ 13.00   0.00   0.00  13.00   0.00   0.00  16.00   6.00  13.00]
G [ 13.00   0.00   0.00   0.00  25.00 100.00   3.00   6.00  13.00]
T [ 13.00   0.00   0.00   0.00   0.00   0.00   3.00   6.00  13.00]
>MA0278.1 BAS1
A [ 64.00 104.00 484.00  78.00 455.00 248.00  98.00  52.00 348.00  12.00 966.00  26.00   9.00  47.00 892.00 487.00 288.00 373.00 178.00 402.00 435.00]
C [217.00 552.00 111.00 401.00  51.00  34.00 724.00 918.00 346.00   3.00   5.00   6.00  10.00 930.00  42.00 123.00 140.00 110.00 367.00 140.00 229.00]
G [425.00 150.00 114.00 186.00 370.00 670.00 143.00   7.00 280.00 977.00  23.00 962.00   4.00   7.00  16.00 320.00 317.00  81.00 184.00 341.00 241.00]
T [292.00 192.00 288.00 333.00 122.00  46.00  33.00  20.00  24.00   6.00   4.00   4.00 975.00  15.00  49.00  68.00 254.00 434.00 268.00 114.00  94.00]
>MA0279.1 CAD1
A [2056.00  97.00   0.00 1889.00 602.00   0.00 1947.00 2154.00   0.00   0.00]
C [100.00   0.00   0.00  98.00 213.00   0.00 206.00   0.00   0.00 2088.00]
G [ 98.00   0.00   0.00   0.00 1464.00   0.00   0.00   0.00 1416.00   0.00]
T [  0.00 2095.00 2154.00 172.00   0.00 2154.00   0.00   0.00 798.00  97.00]
>MA0280.1 CAT8
A [  0.00   0.00   0.00   0.00  66.00  32.00]
C [100.00 100.00   0.00   0.00  13.00  18.00]
G [  0.00   0.00 100.00 100.00  21.00  28.00]
T [  0.00   0.00   0.00   0.00   0.00  22.00]
>MA0281.1 CBF1
A [ 19.00   3.00 100.00   0.00   0.00   0.00   0.00  72.00]
C [  8.00  92.00   0.00 100.00   0.00   0.00   0.00  17.00]
G [ 53.00   3.00   0.00   0.00 100.00   0.00 100.00   6.00]
T [ 19.00   3.00   0.00   0.00   0.00 100.00   0.00   6.00]
>MA0282.1 CEP3
A [  4.00   0.00   0.00   0.00   0.00  91.00  92.00  42.00]
C [ 56.00   0.00 100.00   0.00   0.00   1.00   3.00  21.00]
G [  4.00   0.00   0.00 100.00 100.00   1.00   3.00  21.00]
T [ 36.00 100.00   0.00   0.00   0.00   7.00   3.00  16.00]
>MA0283.1 CHA4
A [ 22.00   0.00   0.00   0.00   0.00  71.00  22.00  48.00]
C [  5.00   0.00 100.00   0.00   0.00   0.00   1.00  10.00]
G [ 68.00 100.00   0.00 100.00 100.00  28.00  76.00  10.00]
T [  5.00   0.00   0.00   0.00   0.00   0.00   1.00  31.00]
>MA0284.1 CIN5
A [  0.00  13.00 100.00  11.00  20.00   0.00  91.00 100.00   2.00  15.00]
C [  0.00   7.00   0.00  54.00  16.00   0.00   9.00   0.00  14.00  70.00]
G [  9.00  23.00   0.00   5.00  57.00   0.00   0.00   0.00  38.00   8.00]
T [ 91.00  56.00   0.00  31.00   7.00 100.00   0.00   0.00  47.00   7.00]
>MA0285.1 CRZ1
A [ 20.00  28.00  37.00  63.00   0.00   0.00   0.00  42.00   7.00]
C [ 48.00  22.00  30.00  36.00   0.00 100.00  99.00  30.00  76.00]
G [ 18.00  17.00  22.00   1.00 100.00   0.00   0.00   7.00   8.00]
T [ 14.00  32.00  11.00   1.00   0.00   0.00   0.00  21.00   8.00]
>MA0286.1 CST6
A [ 47.00   1.00   1.00 100.00   0.00   5.00   0.00  45.00  46.00]
C [ 11.00   1.00   1.00   0.00 100.00   0.00   0.00  28.00  14.00]
G [ 32.00   1.00  91.00   0.00   0.00  95.00   0.00   8.00  20.00]
T [ 11.00  96.00   7.00   0.00   0.00   0.00 100.00  18.00  20.00]
>MA0287.1 CUP2
A [  0.00   9.00   0.00   2.00   6.00   4.00   9.00   9.00   7.00   4.00   2.00]
C [  7.00   0.00   0.00   7.00   0.00   1.00   0.00   0.00   0.00   0.00   0.00]
G [  0.00   0.00   9.00   0.00   3.00   4.00   0.00   0.00   2.00   0.00   7.00]
T [  2.00   0.00   0.00   0.00   0.00   0.00   0.00   0.00   0.00   5.00   0.00]
>MA0288.1 CUP9
A [  7.00   0.00  84.00   1.00  91.00   0.00  75.00  40.00  39.00]
C [ 10.00   0.00   0.00  99.00   0.00  64.00  15.00   0.00  13.00]
G [  3.00 100.00   9.00   0.00   9.00   9.00   0.00   0.00   3.00]
T [ 79.00   0.00   7.00   0.00   0.00  27.00  10.00  60.00  45.00]
>MA0289.1 DAL80
A [ 11.00   0.00 100.00   0.00 100.00  90.00   3.00]
C [ 67.00   0.00   0.00   0.00   0.00   1.00  19.00]
G [  6.00 100.00   0.00   0.00   0.00   1.00  75.00]
T [ 17.00   0.00   0.00 100.00   0.00   7.00   3.00]
>MA0290.1 DAL81
A [203.00 203.00 203.00 203.00   0.00   0.00   0.00   0.00   0.00   0.00   0.00   0.00   0.00   0.00   0.00   0.00 203.00   0.00   0.00]
C [  0.00   0.00   0.00   0.00   0.00 203.00 203.00   0.00 203.00   0.00   0.00   0.00 203.00   0.00   0.00   0.00   0.00   0.00   0.00]
G [  0.00   0.00   0.00   0.00 203.00   0.00   0.00 203.00   0.00 203.00 203.00 203.00   0.00 203.00 203.00 203.00   0.00   0.00   0.00]
T [  0.00   0.00   0.00   0.00   0.00   0.00   0.00   0.00   0.00   0.00   0.00   0.00   0.00   0.00   0.00   0.00   0.00 203.00 203.00]
>MA0291.1 DAL82
A [ 56.00  53.00  39.00  26.00   0.00   0.00   0.00   0.00  11.00]
C [ 14.00  11.00   3.00  11.00  26.00   0.00 100.00   0.00  68.00]
G [ 14.00   5.00   3.00  42.00   0.00 100.00   0.00 100.00  11.00]
T [ 14.00  32.00  55.00  21.00  74.00   0.00   0.00   0.00  11.00]
>MA0292.1 ECM22
A [ 28.00  14.00   0.00   0.00   0.00   0.00  93.00]
C [ 36.00   7.00 100.00 100.00  14.00   0.00   0.00]
G [  7.00   7.00   0.00   0.00  86.00  86.00   7.00]
T [ 28.00  71.00   0.00   0.00   0.00  14.00   0.00]
>MA0293.1 ECM23
A [ 31.00  33.00  72.00  10.00 100.00   3.00   1.00  14.00  30.00  32.00  30.00]
C [ 25.00  25.00  11.00   2.00   0.00   0.00  90.00  19.00  23.00  25.00  26.00]
G [ 23.00  22.00  10.00  86.00   0.00   0.00   3.00  14.00  21.00  25.00  22.00]
T [ 21.00  20.00   7.00   2.00   0.00  97.00   7.00  53.00  26.00  19.00  21.00]
>MA0294.1 EDS1
A [ 14.00   0.00   0.00 100.00  76.00  48.00 100.00  82.00  15.00]
C [ 52.00   0.00   0.00   0.00   0.00  24.00   0.00   1.00  20.00]
G [ 14.00 100.00 100.00   0.00   0.00  10.00   0.00   1.00  11.00]
T [ 19.00   0.00   0.00   0.00  24.00  19.00   0.00  15.00  54.00]
>MA0295.1 FHL1
A [  0.00 100.00   0.00   0.00   0.00  90.00  48.00  55.00]
C [ 10.00   0.00 100.00   0.00 100.00   0.00  28.00  15.00]
G [ 90.00   0.00   0.00 100.00   0.00   0.00  18.00  15.00]
T [  0.00   0.00   0.00   0.00   0.00  10.00   8.00  15.00]
>MA0296.1 FKH1
A [177.00 247.00 520.00 526.00 365.00 119.00 146.00   7.00 959.00 977.00 990.00   1.00 990.00 874.00 671.00 248.00 374.00 284.00 205.00 421.00]
C [287.00 192.00  84.00  76.00  73.00 146.00   4.00   3.00  37.00  11.00   1.00 925.00   1.00  39.00  49.00 191.00 158.00 184.00 116.00 192.00]
G [207.00 334.00  98.00 129.00 150.00 133.00 847.00   0.00   0.00   1.00   2.00   1.00   3.00  16.00  70.00 407.00 296.00 330.00 452.00 248.00]
T [326.00 225.00 297.00 267.00 411.00 600.00   1.00 987.00   1.00   9.00   5.00  71.00   4.00  69.00 208.00 152.00 170.00 200.00 225.00 137.00]
>MA0297.1 FKH2
A [ 13.00   0.00 100.00 100.00 100.00   0.00 100.00]
C [  0.00   0.00   0.00   0.00   0.00 100.00   0.00]
G [ 88.00   0.00   0.00   0.00   0.00   0.00   0.00]
T [  0.00 100.00   0.00   0.00   0.00   0.00   0.00]
>MA0298.1 FZF1
A [  0.00   0.00   1.00   0.00   0.00   1.00]
C [  1.00   0.00   0.00   0.00   1.00   0.00]
G [  0.00   0.00   0.00   0.00   0.00   0.00]
T [  0.00   1.00   0.00   1.00   0.00   0.00]
>MA0299.1 GAL4
A [  0.00   0.00   0.00 778.00 292.00 1019.00 2339.00 567.00 1913.00 659.00  96.00 1170.00   0.00 235.00   0.00]
C [2779.00   0.00 438.00 655.00 1137.00 810.00   0.00 1296.00 335.00 592.00 767.00 517.00 1437.00 392.00 2779.00]
G [  0.00 2779.00 2273.00 927.00 1151.00 1002.00 538.00 810.00   0.00 1744.00 494.00 1105.00 729.00 419.00   0.00]
T [  0.00   0.00  97.00 717.00 498.00 390.00  98.00 194.00 737.00 204.00 1786.00 404.00 824.00 2001.00   0.00]
>MA0300.1 GAT1
A [ 13.00  17.00   0.00 100.00   0.00 100.00 100.00   3.00]
C [ 44.00  42.00   0.00   0.00   0.00   0.00   0.00   9.00]
G [ 19.00   5.00 100.00   0.00   0.00   0.00   0.00  84.00]
T [ 25.00  36.00   0.00   0.00 100.00   0.00   0.00   3.00]
>MA0301.1 GAT3
A [ 65.00   8.00  92.00  12.00   3.00   6.00  51.00  28.00  32.00]
C [  9.00   2.00   0.00   0.00  94.00  27.00  19.00  33.00  25.00]
G [ 20.00  88.00   0.00   1.00   1.00   4.00  18.00  21.00  21.00]
T [  6.00   1.00   8.00  87.00   2.00  63.00  12.00  17.00  21.00]
>MA0302.1 GAT4
A [ 36.00  31.00  80.00   3.00  98.00   0.00   0.00   5.00  40.00  28.00  33.00]
C [ 21.00  26.00   4.00   0.00   0.00   0.00  99.00  28.00  20.00  26.00  24.00]
G [ 24.00  18.00  12.00  96.00   0.00   0.00   0.00   3.00  23.00  23.00  21.00]
T [ 20.00  26.00   4.00   0.00   2.00  99.00   0.00  64.00  17.00  22.00  21.00]
>MA0303.1 GCN4
A [218.00 371.00 362.00 282.00 275.00 169.00 535.00  11.00   2.00 968.00   2.00  13.00  57.00 973.00  15.00 376.00 207.00 284.00 226.00 254.00 337.00]
C [295.00 217.00 213.00 119.00 177.00 140.00  35.00   8.00   5.00  13.00 433.00   4.00 934.00   6.00 413.00 290.00 354.00 216.00 234.00 329.00 169.00]
G [245.00 268.00 150.00 325.00 316.00 365.00 413.00   6.00 934.00   4.00 562.00  13.00   5.00   8.00  35.00 131.00 194.00 202.00 177.00 232.00 195.00]
T [240.00 142.00 273.00 272.00 230.00 325.00  15.00 973.00  57.00  13.00   1.00 968.00   2.00  11.00 535.00 202.00 244.00 296.00 361.00 183.00 297.00]
>MA0304.1 GCR1
A [719.00   0.00   0.00 2460.00 2157.00   9.00 553.00   0.00]
C [ 31.00 142.00  22.00   0.00  10.00  13.00 1703.00 1932.00]
G [ 77.00 2318.00 2438.00   0.00   0.00 2326.00   0.00  15.00]
T [1822.00   0.00   0.00   0.00 294.00 121.00 240.00 651.00]
>MA0305.1 GCR2
A [ 33.00   0.00  11.00   0.00   0.00   0.00  61.00]
C [ 33.00 279.00   0.00   0.00 260.00 269.00  52.00]
G [149.00   0.00   1.00   0.00   0.00   1.00   6.00]
T [ 16.00   0.00 152.00 169.00   8.00   0.00  64.00]
>MA0306.1 GIS1
A [ 41.00   0.00   0.00   0.00   0.00   0.00  49.00  46.00  32.00]
C [ 22.00  97.00 100.00 100.00  87.00   0.00   4.00  11.00  19.00]
G [ 12.00   0.00   0.00   0.00   0.00   0.00  15.00  16.00  18.00]
T [ 25.00   3.00   0.00   0.00  13.00 100.00  32.00  27.00  30.00]
>MA0307.1 GLN3
A [  0.00 100.00   0.00  74.00  61.00]
C [  0.00   0.00   0.00   0.00   0.00]
G [100.00   0.00   0.00   0.00  27.00]
T [  0.00   0.00 100.00  26.00  12.00]
>MA0308.1 GSM1
A [322.00 160.00 219.00 461.00 349.00 342.00 566.00 849.00 400.00   3.00   4.00   3.00   0.00   0.00 136.00 708.00 289.00 164.00 373.00 225.00 322.00]
C [207.00 172.00 289.00 124.00 201.00 144.00  22.00   9.00 164.00 916.00 177.00 985.00 972.00  30.00   4.00  60.00 183.00 172.00 101.00 168.00 212.00]
G [190.00 229.00 168.00 184.00 233.00 281.00  17.00  20.00 182.00  10.00  38.00   1.00  25.00 967.00 849.00 197.00 438.00 205.00 232.00 299.00 195.00]
T [279.00 438.00 322.00 229.00 216.00 231.00 393.00 120.00 252.00  69.00 778.00   9.00   0.00   1.00   9.00  32.00  87.00 458.00 292.00 306.00 268.00]
>MA0309.1 GZF3
A [ 18.00   0.00 100.00   0.00 100.00  73.00   4.00  39.00]
C [ 39.00   0.00   0.00   0.00   0.00   9.00  38.00  18.00]
G [  2.00 100.00   0.00   0.00   0.00   0.00  59.00  27.00]
T [ 41.00   0.00   0.00 100.00   0.00  18.00   0.00  16.00]
>MA0310.1 HAC1
A [ 24.00  68.00   0.00 100.00   0.00   0.00   0.00  27.00]
C [  6.00  32.00 100.00   0.00 100.00   0.00   0.00  18.00]
G [ 56.00   0.00   0.00   0.00   0.00 100.00   0.00  41.00]
T [ 15.00   0.00   0.00   0.00   0.00   0.00 100.00  14.00]
>MA0311.1 HAL9
A [  0.00   0.00   0.00  99.00  62.00]
C [ 99.00   0.00   0.00   0.00   0.00]
G [  0.00  99.00  99.00   0.00  37.00]
T [  0.00   0.00   0.00   0.00   0.00]
>MA0312.1 HAP1
A [  0.00   0.00   0.00  89.00   5.00  51.00   4.00  57.00]
C [100.00   0.00   0.00   0.00  26.00   4.00   4.00  11.00]
G [  0.00 100.00 100.00  11.00  53.00   4.00   4.00  11.00]
T [  0.00   0.00   0.00   0.00  16.00  41.00  88.00  21.00]
>MA0313.1 HAP2
A [  0.00   0.00  22.00   0.00 675.00]
C [  0.00   0.00   0.00   0.00 1619.00]
G [  0.00  40.00 3922.00 3932.00 131.00]
T [3939.00 3897.00   0.00   7.00 1847.00]
>MA0314.1 HAP3
A [  0.00 370.00   0.00  98.00 2737.00   0.00   0.00   0.00   0.00   0.00  97.00 809.00 1458.00 1087.00 1582.00]
C [516.00 2074.00 461.00 897.00   0.00   0.00   0.00   0.00   0.00 1480.00 1169.00 1175.00 265.00 266.00 602.00]
G [537.00 298.00   0.00 1473.00   0.00   0.00   0.00 2737.00 2737.00   0.00 405.00 1038.00 918.00 1351.00 296.00]
T [1779.00 326.00 2379.00 484.00   0.00 2737.00 2737.00   0.00   0.00 1549.00 1258.00  98.00 339.00 339.00 665.00]
>MA0316.1 HAP5
A [641.00 200.00 113.00 826.00 1817.00 127.00  98.00   0.00 537.00 4156.00   0.00   0.00 387.00 361.00   0.00]
C [935.00 1914.00 1513.00 1137.00 1451.00 637.00 3199.00 700.00 1308.00   0.00   0.00   0.00   0.00 497.00 1730.00]
G [1033.00 2108.00 2485.00 2155.00 440.00 1273.00 677.00   0.00 1904.00   0.00   0.00 234.00 3788.00 3123.00   0.00]
T [1789.00  97.00 433.00 453.00 1002.00 2389.00 624.00 3713.00 793.00   0.00 4156.00 3922.00   0.00 262.00 2808.00]
>MA0317.1 HCM1
A [ 51.00  27.00  67.00  95.00 100.00   1.00  95.00  57.00]
C [ 16.00   8.00  32.00   5.00   0.00  86.00   2.00  17.00]
G [ 25.00   4.00   1.00   0.00   0.00   0.00   2.00  11.00]
T [  8.00  61.00   1.00   0.00   0.00  13.00   2.00  14.00]
>MA0318.1 HMRA2
A [  6.00  54.00   4.00   0.00   0.00  93.00  88.00  40.00]
C [ 67.00   0.00   0.00   0.00   0.00   0.00   2.00   8.00]
G [  6.00  46.00   0.00 100.00   0.00   0.00   2.00   8.00]
T [ 21.00   0.00  96.00   0.00 100.00   7.00   9.00  44.00]
>MA0319.1 HSF1
A [ 69.00   2.00  19.00   0.00 100.00 100.00   6.00  48.00]
C [ 13.00   2.00   0.00   0.00   0.00   0.00  56.00  11.00]
G [ 13.00   2.00  81.00 100.00   0.00   0.00  19.00  23.00]
T [  6.00  95.00   0.00   0.00   0.00   0.00  19.00  17.00]
>MA0320.1 IME1
A [  0.00   0.00   0.00   0.00   0.00   0.00 161.00  16.00]
C [301.00 232.00   0.00 301.00 189.00   0.00   0.00   0.00]
G [  0.00  61.00 301.00   0.00  75.00 301.00   0.00 266.00]
T [  0.00   0.00   0.00   0.00  15.00   0.00   0.00   0.00]
>MA0321.1 INO2
A [ 18.00   0.00 155.00   0.00   7.00   8.00   0.00 141.00 134.00]
C [ 29.00 275.00   7.00  25.00   0.00   0.00  34.00  16.00   2.00]
G [198.00   0.00   0.00   0.00 258.00  11.00 241.00  23.00   5.00]
T [  4.00   0.00   4.00 150.00   0.00 147.00   0.00   0.00  24.00]
>MA0322.1 INO4
A [ 29.00   0.00 138.00   0.00  10.00   0.00  17.00 146.00 142.00]
C [ 46.00 236.00  14.00   0.00   0.00   0.00   0.00   7.00   7.00]
G [162.00   0.00   0.00   0.00 256.00   0.00 241.00  23.00  26.00]
T [  5.00  19.00  17.00 168.00   0.00 167.00   0.00   0.00   0.00]
>MA0323.1 IXR1
A [161.00 121.00  68.00  28.00  59.00  59.00  28.00 121.00 121.00   0.00   0.00  28.00   6.00   0.00   0.00]
C [  0.00   0.00   0.00 228.00 187.00   0.00   0.00   0.00   0.00   0.00 301.00   0.00   0.00   0.00   0.00]
G [  0.00   0.00 112.00   0.00   0.00 187.00 169.00  71.00   0.00 301.00   0.00 244.00 285.00 112.00 244.00]
T [  0.00  37.00  28.00   6.00   0.00   0.00  37.00   0.00  37.00   0.00   0.00   0.00   0.00  99.00  28.00]
>MA0324.1 LEU3
A [  0.00   0.00   0.00  20.00  26.00  47.00   0.00   0.00   0.00   0.00]
C [100.00 100.00   0.00   0.00  34.00  12.00  61.00 100.00   0.00  32.00]
G [  0.00   0.00  56.00  35.00   0.00  16.00  39.00   0.00 100.00  68.00]
T [  0.00   0.00  43.00  45.00  41.00  25.00   0.00   0.00   0.00   0.00]
>MA0325.1 LYS14
A [ 21.00   4.00   0.00   0.00 100.00 100.00   6.00  13.00]
C [ 49.00  82.00   0.00   0.00   0.00   0.00   0.00  13.00]
G [ 21.00  10.00 100.00 100.00   0.00   0.00   0.00   7.00]
T [ 10.00   4.00   0.00   0.00   0.00   0.00  94.00  68.00]
>MA0326.1 MAC1
A [108.00  89.00   0.00 115.00   0.00   0.00   0.00 958.00]
C [  0.00   0.00   0.00   0.00 1714.00   0.00 1714.00   0.00]
G [  0.00 219.00   0.00 1599.00   0.00   0.00   0.00 655.00]
T [1632.00 1451.00 1714.00   0.00   0.00 1714.00   0.00 113.00]
>MA0327.1 HMRA1
A [101.00   0.00 203.00   0.00 203.00 203.00   0.00]
C [  0.00 203.00   0.00 203.00   0.00   0.00   0.00]
G [101.00   0.00   0.00   0.00   0.00   0.00   0.00]
T [  0.00   0.00   0.00   0.00   0.00   0.00 203.00]
>MA0328.2 MATALPHA2
A [  0.00 455.00   0.00  26.00   0.00 910.00 639.00 394.00]
C [815.00   0.00  62.00   0.00   0.00   0.00  72.00  28.00]
G [  0.00 535.00   0.00 973.00   0.00   9.00  41.00   0.00]
T [184.00  10.00 938.00   0.00 1000.00  80.00 247.00 577.00]
>MA0329.1 MBP1
A [ 55.00   0.00  15.00   0.00   0.00  35.00  33.00]
C [ 10.00 100.00   0.00  88.00   2.00  17.00  30.00]
G [ 18.00   0.00  85.00   0.00  98.00   9.00  18.00]
T [ 17.00   0.00   0.00  12.00   0.00  39.00  18.00]
>MA0330.1 MBP1::SWI6
A [15153.00  82.00  45.00  31.00  59.00 726.00 365.00]
C [  0.00 21942.00 182.00 19078.00 182.00 1491.00 9107.00]
G [405.00 101.00 21983.00 188.00 21982.00 1506.00 882.00]
T [6881.00 179.00  23.00 3065.00  21.00 18880.00 13437.00]
>MA0331.1 MCM1
A [1692.00  97.00 3002.00 6037.00 7789.00 936.00 1175.00 6619.00 612.00 117.00 10592.00 12477.00]
C [11356.00 12733.00 5897.00 2220.00 195.00 237.00 3860.00 1176.00  32.00 134.00 966.00 399.00]
G [405.00   0.00 3023.00 3432.00 642.00   0.00 542.00 5947.00 13102.00 13351.00 319.00 350.00]
T [368.00 971.00 4309.00 3681.00 5363.00 12586.00 9116.00 1957.00   0.00  16.00 2201.00 475.00]
>MA0332.1 MET28
A [  0.00   0.00   0.00   0.00   0.00   0.00]
C [203.00   0.00   0.00   0.00   0.00   0.00]
G [  0.00   0.00 203.00   0.00 203.00 203.00]
T [  0.00 203.00   0.00 203.00   0.00   0.00]
>MA0333.1 MET31
A [ 38.00  20.00  14.00   0.00   0.00   0.00   0.00   0.00  10.00]
C [ 10.00  28.00  14.00   0.00   0.00   0.00   0.00 100.00   0.00]
G [ 38.00  30.00  18.00 100.00   0.00 100.00 100.00   0.00  69.00]
T [ 15.00  20.00  55.00   0.00 100.00   0.00   0.00   0.00  20.00]
>MA0334.1 MET32
A [ 34.00  11.00   0.00   0.00  93.00   0.00  64.00]
C [ 46.00   5.00  99.00 100.00   3.00  99.00  15.00]
G [ 10.00  77.00   0.00   0.00   0.00   0.00  12.00]
T [ 10.00   7.00   0.00   0.00   3.00   1.00   9.00]
>MA0335.1 MET4
A [161.00 106.00   0.00   0.00   0.00   0.00   0.00   0.00]
C [  0.00  47.00 199.00   0.00   0.00   0.00   0.00   0.00]
G [  0.00  48.00   0.00   0.00 301.00   0.00 301.00 301.00]
T [  0.00   0.00  51.00 161.00   0.00 161.00   0.00   0.00]
>MA0336.1 MGA1
A [384.00 305.00 240.00 367.00 252.00 116.00 787.00 192.00 701.00   5.00 990.00 990.00  12.00 844.00  68.00 203.00 301.00 291.00 441.00 440.00 342.00]
C [ 91.00 124.00 268.00 171.00 280.00 204.00   3.00 110.00 197.00   2.00   2.00   2.00 815.00  39.00 505.00 180.00 353.00 268.00  70.00 168.00 295.00]
G [206.00 376.00 318.00 306.00 194.00 230.00 198.00 166.00  98.00 989.00   3.00   2.00  15.00  82.00  70.00 195.00  84.00  97.00 229.00 105.00 216.00]
T [317.00 194.00 172.00 154.00 273.00 448.00  11.00 531.00   2.00   2.00   2.00   5.00 156.00  32.00 355.00 419.00 260.00 342.00 257.00 285.00 144.00]
>MA0337.1 MIG1
A [ 32.00   1.00   0.00   0.00   0.00  46.00   5.00]
C [ 35.00  97.00 100.00 100.00 100.00   3.00  57.00]
G [ 15.00   1.00   0.00   0.00   0.00  50.00  30.00]
T [ 18.00   1.00   0.00   0.00   0.00   1.00   7.00]
>MA0338.1 MIG2
A [  1.00   0.00   0.00   0.00  36.00   5.00  36.00]
C [ 96.00 100.00 100.00 100.00  11.00  77.00  24.00]
G [  2.00   0.00   0.00   0.00  52.00  13.00  24.00]
T [  1.00   0.00   0.00   0.00   1.00   6.00  15.00]
>MA0339.1 MIG3
A [  1.00   0.00   0.00   0.00  41.00   5.00  41.00]
C [ 98.00  94.00 100.00 100.00   2.00  69.00  22.00]
G [  1.00   0.00   0.00   0.00  55.00  17.00  23.00]
T [  1.00   6.00   0.00   0.00   1.00   9.00  14.00]
>MA0340.1 MOT3
A [ 67.00 203.00   0.00   0.00   0.00 203.00]
C [ 67.00   0.00   0.00   0.00 101.00   0.00]
G [  0.00   0.00 203.00 203.00   0.00   0.00]
T [ 67.00   0.00   0.00   0.00 101.00   0.00]
>MA0341.1 MSN2
A [ 60.00   0.00   0.00   0.00   0.00]
C [  7.00   0.00   0.00   0.00   0.00]
G [ 32.00 100.00 100.00 100.00 100.00]
T [  0.00   0.00   0.00   0.00   0.00]
>MA0342.1 MSN4
A [ 83.00   0.00   0.00   0.00   0.00]
C [  0.00   0.00   0.00   0.00   0.00]
G [ 16.00  99.00  99.00  99.00  99.00]
T [  0.00   0.00   0.00   0.00   1.00]
>MA0343.1 NDT80
A [289.00 197.00 169.00 215.00 201.00  99.00 188.00 444.00  12.00 940.00  18.00 965.00 970.00 945.00 713.00 496.00 123.00 127.00 314.00 360.00 477.00]
C [282.00 276.00 213.00 403.00 430.00 114.00  20.00 483.00 948.00   7.00 967.00   4.00   5.00   3.00  24.00 178.00 630.00 329.00 330.00 177.00 192.00]
G [118.00 160.00 172.00 140.00 176.00 495.00 675.00  41.00   4.00  45.00   6.00   9.00  15.00  14.00 236.00  82.00  95.00 440.00 277.00 230.00 174.00]
T [309.00 364.00 443.00 239.00 191.00 290.00 116.00  30.00  34.00   6.00   6.00  20.00   8.00  37.00  24.00 241.00 149.00 102.00  78.00 231.00 154.00]
>MA0344.1 NHP10
A [ 20.00   8.00   0.00   0.00   0.00   0.00   0.00  68.00]
C [ 10.00  78.00 100.00   0.00   0.00   0.00   0.00   8.00]
G [ 60.00   8.00   0.00 100.00 100.00 100.00 100.00  18.00]
T [ 10.00   8.00   0.00   0.00   0.00   0.00   0.00   8.00]
>MA0345.1 NHP6A
A [306.00 242.00 236.00 380.00 285.00 104.00 339.00 491.00 114.00 903.00 126.00 847.00  57.00 746.00 650.00 377.00 375.00 416.00 286.00 313.00 329.00]
C [279.00 217.00 153.00 212.00 333.00 516.00 130.00 250.00  24.00  10.00  29.00  16.00  42.00  16.00  30.00 136.00 138.00 111.00 154.00 147.00 289.00]
G [214.00  83.00 311.00 151.00  99.00  49.00  71.00  64.00   6.00  26.00   8.00  43.00  28.00  20.00 153.00 137.00 138.00 172.00 124.00 314.00  96.00]
T [200.00 456.00 298.00 255.00 281.00 329.00 458.00 193.00 855.00  58.00 835.00  92.00 871.00 216.00 166.00 348.00 346.00 299.00 434.00 224.00 284.00]
>MA0346.1 NHP6B
A [182.00 217.00 135.00 376.00 195.00 154.00 393.00 578.00 169.00 807.00  92.00 749.00 279.00 510.00 461.00 372.00 465.00 202.00 287.00 287.00]
C [304.00 225.00 108.00 208.00 316.00 317.00  69.00  89.00  65.00  32.00  67.00  16.00  51.00  26.00  96.00 106.00  84.00 160.00 120.00 257.00]
G [ 99.00 216.00 107.00  77.00 111.00 143.00  26.00  51.00  16.00  67.00  32.00  65.00  89.00  69.00 121.00 111.00 336.00 302.00 339.00 252.00]
T [414.00 341.00 647.00 336.00 376.00 384.00 510.00 279.00 749.00  92.00 807.00 169.00 578.00 393.00 320.00 409.00 113.00 334.00 252.00 202.00]
>MA0347.1 NRG1
A [181.00 243.00 293.00 259.00 419.00 213.00 455.00 960.00   2.00   2.00  11.00  71.00   4.00   3.00 503.00 245.00 124.00 224.00 206.00 325.00]
C [404.00 225.00 250.00 239.00 112.00 255.00 488.00   3.00   1.00   1.00   0.00  11.00 928.00 820.00  87.00 202.00 303.00  67.00 400.00 171.00]
G [143.00 199.00 278.00 262.00 269.00  92.00   9.00  36.00 991.00 993.00 986.00   2.00   2.00   3.00  39.00 239.00 269.00 548.00 228.00 233.00]
T [271.00 332.00 177.00 238.00 198.00 439.00  46.00   0.00   4.00   2.00   1.00 915.00  63.00 173.00 369.00 311.00 302.00 159.00 163.00 269.00]
>MA0348.1 OAF1
A [ 11.00   0.00   0.00   0.00  56.00   7.00  68.00  14.00  56.00]
C [ 32.00 100.00   0.00   0.00   0.00   0.00   4.00   7.00  14.00]
G [ 11.00   0.00 100.00 100.00  43.00  86.00   4.00   7.00  14.00]
T [ 46.00   0.00   0.00   0.00   0.00   7.00  25.00  71.00  14.00]
>MA0349.1 OPI1
A [ 34.00   0.00 166.00 169.00   0.00   0.00  59.00]
C [109.00   0.00   2.00   0.00 268.00 273.00  58.00]
G [ 42.00 279.00   0.00   0.00   0.00   0.00  88.00]
T [ 34.00   0.00   0.00   0.00   0.00   0.00  12.00]
>MA0350.1 TOD6
A [362.00 144.00 101.00 239.00 369.00 212.00 649.00  67.00  20.00   2.00   2.00 975.00   1.00   0.00  52.00 135.00 181.00 232.00 187.00 306.00 201.00]
C [188.00 213.00 261.00 327.00 116.00 366.00  50.00 396.00 784.00  29.00 991.00   0.00   1.00 978.00  19.00 655.00 300.00 282.00 280.00 213.00 150.00]
G [218.00 369.00 370.00 206.00 235.00 133.00  96.00 436.00 193.00  46.00   2.00   1.00  18.00   1.00 869.00 186.00 383.00 109.00 111.00 172.00 320.00]
T [230.00 273.00 266.00 226.00 278.00 288.00 203.00  98.00   1.00 921.00   3.00  21.00 978.00  18.00  57.00  22.00 135.00 376.00 421.00 308.00 327.00]
>MA0351.1 DOT6
A [278.00 194.00 156.00 131.00 239.00 141.00 516.00  79.00  29.00   6.00   1.00 972.00   1.00   0.00  36.00 223.00 280.00 188.00 163.00 153.00 185.00]
C [135.00 250.00 332.00 249.00  85.00 480.00  59.00 420.00 770.00  52.00 990.00   0.00   0.00 968.00   9.00 575.00 265.00 298.00 435.00 371.00 149.00]
G [231.00 266.00 223.00 268.00 400.00 145.00 138.00 392.00 197.00  83.00   4.00   1.00  27.00   1.00 876.00 177.00 252.00  72.00 208.00 183.00 202.00]
T [354.00 289.00 287.00 351.00 273.00 232.00 285.00 107.00   3.00 858.00   2.00  25.00 969.00  28.00  78.00  22.00 202.00 441.00 192.00 290.00 462.00]
>MA0352.1 PDR1
A [  8.00   0.00   0.00  13.00   2.00   8.00  10.00  62.00]
C [ 28.00 100.00 100.00   0.00  88.00   2.00   3.00   8.00]
G [ 15.00   0.00   0.00  87.00   8.00  88.00  83.00  22.00]
T [ 48.00   0.00   0.00   0.00   2.00   2.00   3.00   8.00]
>MA0353.1 PDR3
A [  0.00   0.00   0.00   0.00   0.00   0.00   0.00 203.00]
C [  0.00 203.00 203.00   0.00 203.00   0.00   0.00   0.00]
G [  0.00   0.00   0.00 203.00   0.00 203.00 203.00   0.00]
T [203.00   0.00   0.00   0.00   0.00   0.00   0.00   0.00]
>MA0354.1 PDR8
A [ 38.00   0.00   0.00   0.00 100.00   8.00 100.00  13.00]
C [ 15.00 100.00   0.00   0.00   0.00   8.00   0.00   6.00]
G [ 38.00   0.00 100.00 100.00   0.00  85.00   0.00   6.00]
T [  8.00   0.00   0.00   0.00   0.00   0.00   0.00  75.00]
>MA0355.1 PHD1
A [ 36.00   9.00  37.00   0.00   0.00   0.00  91.00   8.00  22.00  32.00]
C [ 27.00  43.00  44.00  10.00   0.00  99.00   1.00  22.00  42.00  28.00]
G [ 19.00  39.00  15.00   0.00  99.00   0.00   7.00  36.00  22.00  21.00]
T [ 18.00   8.00   3.00  89.00   0.00   1.00   1.00  34.00  14.00  19.00]
>MA0356.1 PHO2
A [ 52.00  12.00 100.00  56.00  23.00  63.00]
C [  0.00   0.00   0.00   0.00   0.00   0.00]
G [  8.00   0.00   0.00   0.00   0.00   0.00]
T [ 41.00  88.00   0.00  44.00  77.00  37.00]
>MA0357.1 PHO4
A [ 94.00  97.00 967.00   0.00  85.00   2.00   1.00   4.00]
C [393.00 900.00   1.00 911.00   1.00  28.00   0.00 507.00]
G [507.00   0.00  28.00   1.00 911.00   1.00 900.00 393.00]
T [  4.00   1.00   2.00  85.00   0.00 967.00  97.00  94.00]
>MA0358.1 PUT3
A [  9.00   2.00   0.00   0.00   0.00   0.00  52.00  46.00]
C [ 72.00  90.00 100.00   0.00   0.00   0.00  15.00  13.00]
G [  9.00   2.00   0.00 100.00 100.00 100.00  19.00  17.00]
T [  9.00   6.00   0.00   0.00   0.00   0.00  15.00  25.00]
>MA0359.1 RAP1
A [ 18.00  98.00   1.00   1.00   1.00  71.00  17.00  72.00   1.00  86.00]
C [ 69.00   0.00  75.00  97.00  90.00   0.00  11.00   0.00  98.00  13.00]
G [ 12.00   0.00   0.00   1.00   0.00  27.00   8.00  14.00   0.00   0.00]
T [  1.00   1.00  23.00   1.00   9.00   2.00  65.00  14.00   1.00   1.00]
>MA0360.1 RDR1
A [ 25.00   0.00   0.00   0.00   0.00 100.00  86.00  27.00]
C [ 11.00   0.00 100.00   0.00   0.00   0.00   0.00  48.00]
G [ 11.00 100.00   0.00 100.00 100.00   0.00   0.00  13.00]
T [ 54.00   0.00   0.00   0.00   0.00   0.00  14.00  13.00]
>MA0361.1 RDS1
A [  1.00   0.00   0.00   0.00   0.00   0.00  32.00]
C [ 91.00  11.00   0.00  84.00  95.00  11.00  32.00]
G [  1.00  89.00 100.00  16.00   5.00  89.00  32.00]
T [  7.00   0.00   0.00   0.00   0.00   0.00   5.00]
>MA0362.1 RDS2
A [ 34.00   0.00   0.00   0.00   0.00  12.00  17.00]
C [ 39.00   0.00 100.00   0.00   0.00   1.00   7.00]
G [ 18.00   0.00   0.00 100.00 100.00  86.00  70.00]
T [  8.00 100.00   0.00   0.00   0.00   1.00   7.00]
>MA0363.1 REB1
A [ 30.00   0.00   0.00 100.00   0.00   0.00   0.00   0.00  15.00]
C [ 10.00   0.00   0.00   0.00 100.00 100.00 100.00   0.00  15.00]
G [ 50.00   0.00   0.00   0.00   0.00   0.00   0.00  60.00  55.00]
T [ 10.00 100.00 100.00   0.00   0.00   0.00   0.00  40.00  15.00]
>MA0364.1 REI1
A [  0.00   5.00   0.00   0.00   0.00   0.00  56.00]
C [ 95.00  95.00 100.00 100.00   0.00   0.00   8.00]
G [  0.00   0.00   0.00   0.00   0.00  95.00  23.00]
T [  5.00   0.00   0.00   0.00 100.00   5.00  13.00]
>MA0365.1 RFX1
A [ 12.00   0.00   0.00   0.00  31.00   0.00   2.00  88.00]
C [ 27.00   0.00   0.00   0.00   0.00 100.00  48.00   4.00]
G [ 42.00 100.00   0.00   0.00  69.00   0.00   2.00   4.00]
T [ 19.00   0.00 100.00 100.00   0.00   0.00  48.00   4.00]
>MA0366.1 RGM1
A [100.00   0.00   0.00   0.00  11.00]
C [  0.00   0.00   0.00   0.00  12.00]
G [  0.00 100.00 100.00 100.00  77.00]
T [  0.00   0.00   0.00   0.00   0.00]
>MA0367.1 RGT1
A [ 42.00  34.00  37.00  22.00  27.00  30.00   0.00   0.00   0.00   4.00  32.00]
C [ 13.00  10.00   0.00   2.00  15.00  18.00  12.00 100.00 100.00   0.00  13.00]
G [ 23.00  34.00   0.00   0.00  17.00   4.00   0.00   0.00   0.00  89.00  33.00]
T [ 22.00  22.00  63.00  77.00  41.00  48.00  88.00   0.00   0.00   8.00  22.00]
>MA0368.1 RIM101
A [  9.00   0.00   0.00   0.00 100.00 100.00   0.00]
C [ 43.00   0.00 100.00 100.00   0.00   0.00   0.00]
G [  9.00 100.00   0.00   0.00   0.00   0.00 100.00]
T [ 39.00   0.00   0.00   0.00   0.00   0.00   0.00]
>MA0369.1 RLM1
A [ 10.00  14.00  11.00   0.00   0.00   0.00  42.00  16.00  22.00  23.00  32.00   0.00  42.00   0.00  27.00   4.00   7.00  10.00]
C [ 10.00   2.00   0.00   0.00  42.00   0.00   0.00   0.00   0.00   0.00   0.00   0.00   0.00   0.00  14.00  15.00  16.00  13.00]
G [ 10.00  16.00   1.00   5.00   0.00   0.00   0.00   0.00   0.00   0.00   0.00   0.00   0.00  42.00   0.00   2.00   3.00  10.00]
T [  8.00  10.00  30.00  37.00   0.00  42.00   0.00  26.00  20.00  19.00  10.00  42.00   0.00   0.00   1.00  20.00  16.00   7.00]
>MA0370.1 RME1
A [  0.00  16.00  16.00 160.00 119.00 139.00  27.00  34.00  92.00 126.00]
C [ 52.00  96.00 100.00   0.00   0.00  29.00   0.00   0.00  39.00   0.00]
G [  0.00  33.00  49.00   0.00  27.00   0.00 244.00 229.00  35.00  19.00]
T [131.00  69.00  58.00   0.00  22.00   2.00   0.00   0.00  22.00  18.00]
>MA0371.1 ROX1
A [  0.00   0.00   2.00   7.00   0.00   0.00   0.00   0.00   0.00   0.00   1.00   0.00]
C [  4.00   6.00   4.00   1.00   0.00   0.00   0.00   0.00   0.00   5.00   0.00   5.00]
G [  0.00   0.00   0.00   0.00   0.00   1.00   8.00   0.00   0.00   1.00   1.00   2.00]
T [  4.00   2.00   2.00   0.00   8.00   7.00   0.00   8.00   8.00   2.00   6.00   1.00]
>MA0372.1 RPH1
A [ 53.00   0.00   0.00   0.00   0.00   0.00  63.00  74.00]
C [ 14.00 100.00 100.00 100.00 100.00   0.00   1.00   7.00]
G [ 14.00   0.00   0.00   0.00   0.00   0.00   7.00   7.00]
T [ 19.00   0.00   0.00   0.00   0.00 100.00  28.00  13.00]
>MA0373.1 RPN4
A [ 23.00   0.00   0.00   0.00   0.00   0.00  13.00]
C [  0.00   0.00   0.00   0.00   0.00 100.00   0.00]
G [ 67.00 100.00  12.00 100.00 100.00   0.00  87.00]
T [  9.00   0.00  88.00   0.00   0.00   0.00   0.00]
>MA0374.1 RSC3
A [  0.00   0.00   0.00   0.00   6.00  19.00  23.00]
C [ 91.00   0.00  99.00   0.00  55.00  30.00  26.00]
G [  5.00  99.00   0.00  99.00  18.00  37.00  34.00]
T [  4.00   0.00   0.00   0.00  20.00  14.00  18.00]
>MA0375.1 RSC30
A [ 19.00  15.00   0.00   0.00   0.00   0.00   0.00   0.00]
C [ 50.00  38.00  92.00   8.00  92.00   0.00  85.00  31.00]
G [ 19.00  46.00   8.00  92.00   8.00 100.00  15.00  69.00]
T [ 12.00   0.00   0.00   0.00   0.00   0.00   0.00   0.00]
>MA0376.1 RTG3
A [393.00 220.00 357.00 164.00 156.00 534.00  34.00  19.00 905.00   5.00  28.00   7.00   7.00 275.00 152.00 111.00 398.00 275.00 323.00 249.00]
C [145.00 147.00 322.00 176.00 121.00 113.00  27.00 953.00   5.00 949.00  16.00  81.00  19.00 662.00 332.00 270.00 122.00 257.00 165.00 396.00]
G [330.00 267.00 207.00 295.00 250.00 203.00 662.00  19.00  81.00  16.00 949.00   5.00 953.00  27.00 156.00 187.00 276.00 296.00  33.00 108.00]
T [130.00 364.00 112.00 363.00 472.00 148.00 275.00   7.00   7.00  28.00   5.00 905.00  19.00  34.00 358.00 430.00 202.00 171.00 477.00 245.00]
>MA0377.1 SFL1
A [272.00 368.00 281.00 382.00 314.00 368.00 727.00 127.00 506.00  18.00 956.00 959.00  22.00 616.00 596.00 535.00 256.00 492.00 431.00 369.00 409.00]
C [183.00 262.00 244.00 256.00  98.00 221.00  30.00 178.00 261.00  10.00  16.00   9.00  47.00 129.00 134.00 221.00 156.00  96.00  67.00 123.00 121.00]
G [130.00 124.00 332.00 117.00 349.00 198.00 124.00 108.00 226.00 960.00   5.00  21.00 806.00 218.00  36.00  48.00 146.00 217.00  99.00 146.00  72.00]
T [414.00 244.00 141.00 244.00 237.00 212.00 118.00 586.00   6.00  10.00  21.00   9.00 123.00  36.00 232.00 194.00 440.00 193.00 401.00 360.00 395.00]
>MA0378.1 SFP1
A [427.00 202.00 289.00 250.00 353.00 533.00 782.00 898.00 904.00 855.00 541.00  86.00  35.00  18.00  73.00 126.00  82.00 327.00 115.00 217.00 216.00]
C [159.00 293.00 174.00 217.00  77.00  42.00  73.00  36.00   9.00  14.00  34.00  42.00  50.00  46.00  71.00 405.00 354.00 201.00 428.00  83.00 169.00]
G [161.00 194.00 192.00 293.00 297.00 342.00  71.00  46.00  50.00  42.00  16.00  14.00   9.00  36.00  73.00  91.00 103.00 165.00 154.00 374.00 405.00]
T [250.00 309.00 343.00 238.00 271.00  82.00  73.00  18.00  35.00  86.00 408.00 855.00 904.00 898.00 782.00 376.00 459.00 306.00 301.00 324.00 208.00]
>MA0379.1 MOT2
A [ 93.00   0.00  99.00   0.00  99.00]
C [  2.00   0.00   0.00   0.00   0.00]
G [  0.00   0.00   0.00   0.00   0.00]
T [  5.00  99.00   0.00  99.00   0.00]
>MA0380.1 SIP4
A [  8.00   0.00   0.00   0.00   0.00  23.00  57.00]
C [ 48.00  27.00  99.00 100.00   0.00   0.00  16.00]
G [ 13.00   0.00   0.00   0.00 100.00  63.00  25.00]
T [ 32.00  73.00   1.00   0.00   0.00  14.00   0.00]
>MA0381.1 SKN7
A [  0.00   0.00   0.00   0.00  49.00  21.00]
C [  0.00   0.00 100.00  84.00  15.00  18.00]
G [100.00 100.00   0.00  16.00  37.00  28.00]
T [  0.00   0.00   0.00   0.00   0.00  32.00]
>MA0382.1 SKO1
A [957.00   0.00 100.00   0.00 957.00 592.00   0.00   0.00]
C [  0.00 957.00   0.00   0.00   0.00   0.00   0.00   0.00]
G [  0.00   0.00 897.00   0.00   0.00   0.00   0.00 957.00]
T [  0.00   0.00   0.00 957.00   0.00 364.00 957.00   0.00]
>MA0383.1 SMP1
A [111.00 189.00 569.00  85.00 179.00 130.00 408.00  97.00 750.00 865.00  97.00  77.00 634.00 495.00 637.00 197.00 174.00 525.00 156.00 249.00 336.00]
C [244.00 188.00  97.00 554.00 623.00 147.00 128.00 234.00 125.00  18.00  18.00  46.00  33.00  41.00  85.00 262.00 275.00 104.00 290.00 381.00 172.00]
G [235.00 265.00 137.00 158.00  47.00  85.00 112.00  33.00  46.00  18.00  18.00 125.00 234.00  60.00 147.00 146.00 271.00 101.00 455.00 201.00 229.00]
T [409.00 356.00 196.00 201.00 149.00 637.00 350.00 634.00  77.00  97.00 865.00 750.00  97.00 402.00 130.00 393.00 279.00 269.00  97.00 168.00 261.00]
>MA0384.1 SNT2
A [  0.00   0.00 1405.00   0.00 3120.00   7.00   0.00   0.00   8.00 168.00 944.00]
C [ 89.00   0.00 269.00   0.00   0.00   0.00 3136.00   0.00 3072.00 2969.00 231.00]
G [313.00 3136.00 1721.00   0.00  35.00 3130.00   0.00 3136.00  75.00   0.00 1666.00]
T [2817.00   0.00   0.00 3136.00   0.00   0.00   0.00   0.00   0.00   0.00 589.00]
>MA0385.1 SOK2
A [ 50.00  15.00  41.00   4.00   4.00   4.00  97.00   5.00  17.00  28.00  30.00]
C [ 19.00  49.00  47.00   1.00   1.00  91.00   1.00   5.00  21.00  32.00  23.00]
G [ 16.00  18.00   9.00   4.00  94.00   1.00   1.00  50.00  52.00  22.00  23.00]
T [ 16.00  18.00   3.00  91.00   1.00   4.00   1.00  40.00  10.00  18.00  23.00]
>MA0386.1 SPT15
A [277.00 337.00 253.00 160.00 545.00 115.00 287.00 332.00 907.00  12.00 981.00  38.00 970.00  44.00 883.00 186.00 264.00 137.00 266.00 350.00 248.00]
C [250.00 191.00 345.00 200.00 139.00  98.00 198.00 110.00   7.00   7.00   2.00   1.00   2.00   4.00  10.00  62.00 122.00 380.00 228.00 176.00 193.00]
G [386.00 147.00  88.00 154.00 154.00 701.00 266.00  27.00  25.00  23.00   4.00   5.00   6.00   3.00  24.00  94.00 129.00 369.00 384.00 172.00 270.00]
T [ 84.00 323.00 313.00 484.00 160.00  84.00 247.00 529.00  59.00 955.00  12.00 954.00  20.00 947.00  81.00 657.00 483.00 112.00 121.00 301.00 286.00]
>MA0387.1 SPT2
A [ 97.00  66.00   0.00   4.00 130.00 120.00  83.00   0.00 161.00 122.00]
C [  0.00  44.00   0.00   0.00   0.00  23.00  66.00   0.00   0.00   0.00]
G [  3.00  12.00   0.00   0.00  54.00  46.00  60.00 105.00   0.00  69.00]
T [ 57.00  58.00 161.00 152.00   0.00   0.00   2.00 102.00   0.00   0.00]
>MA0388.1 SPT23
A [ 95.00 160.00 143.00 134.00   1.00   0.00 108.00 157.00]
C [  0.00   0.00   0.00   0.00  36.00 138.00  37.00   0.00]
G [119.00   0.00  22.00   0.00   0.00  67.00  18.00   6.00]
T [  0.00   0.00   2.00  23.00 135.00  46.00  16.00   0.00]
>MA0389.1 SRD1
A [ 66.00   6.00  97.00  13.00   0.00   4.00  46.00  24.00]
C [  9.00   2.00   0.00   0.00  99.00  19.00  30.00  42.00]
G [ 19.00  90.00   0.00   2.00   0.00   3.00  13.00  18.00]
T [  6.00   2.00   3.00  85.00   0.00  74.00  11.00  16.00]
>MA0390.1 STB3
A [ 98.00 166.00 182.00 194.00 507.00 547.00 776.00 499.00  99.00  53.00  10.00  13.00   0.00   3.00 965.00 150.00 129.00 166.00 308.00 233.00 226.00]
C [168.00 173.00 415.00 379.00  59.00 120.00  35.00  27.00  11.00   5.00   4.00   0.00  64.00 990.00   7.00 587.00 120.00 326.00 253.00 170.00 182.00]
G [546.00 202.00  57.00 107.00 189.00 151.00  71.00  33.00   2.00   1.00   2.00  15.00  20.00   2.00  25.00  84.00 137.00 200.00 125.00 315.00 296.00]
T [185.00 457.00 343.00 318.00 243.00 181.00 116.00 440.00 886.00 939.00 982.00 970.00 915.00   4.00   2.00 177.00 613.00 306.00 312.00 280.00 293.00]
>MA0391.1 STB4
A [  9.00   0.00   0.00   0.00   0.00 100.00  75.00]
C [ 43.00   0.00 100.00   0.00   0.00   0.00   1.00]
G [  9.00   0.00   0.00 100.00 100.00   0.00   1.00]
T [ 39.00 100.00   0.00   0.00   0.00   0.00  23.00]
>MA0392.1 STB5
A [  0.00   0.00   0.00  23.00  23.00  19.00   6.00  96.00]
C [ 99.00   0.00   0.00  19.00  23.00  25.00  12.00   1.00]
G [  0.00  99.00  99.00  26.00  47.00  12.00   6.00   1.00]
T [  0.00   0.00   0.00  32.00   8.00  45.00  76.00   1.00]
>MA0393.1 STE12
A [  0.00 4297.00 27122.00 25290.00 27887.00  98.00 15301.00]
C [3261.00   0.00   0.00 167.00   0.00 27779.00 3002.00]
G [ 96.00 24137.00 1278.00 2703.00   0.00   0.00 9387.00]
T [25022.00 198.00   0.00   0.00   0.00  97.00 2275.00]
>MA0394.1 STP1
A [  4.00  49.00   0.00   0.00  12.00   0.00   4.00   4.00]
C [ 82.00   0.00 279.00   0.00   0.00 279.00   0.00  94.00]
G [ 33.00 192.00   0.00 266.00 255.00   0.00 119.00  70.00]
T [ 87.00   0.00   0.00   4.00   0.00   0.00  87.00  57.00]
>MA0395.1 STP2
A [180.00 288.00 438.00 276.00 126.00 238.00 113.00  34.00   2.00   0.00   1.00   8.00  14.00 618.00  86.00 218.00 326.00 231.00 158.00 342.00]
C [258.00 242.00 193.00 209.00 405.00 111.00  11.00 647.00   5.00 849.00 866.00  13.00 520.00  12.00 433.00 312.00 240.00 427.00 237.00 265.00]
G [175.00 293.00 211.00 176.00 143.00 567.00 829.00   5.00 987.00 148.00 128.00 948.00   4.00 338.00 139.00 359.00 205.00 161.00 344.00 122.00]
T [385.00 174.00 157.00 336.00 325.00  81.00  45.00 312.00   4.00   1.00   3.00  29.00 460.00  30.00 341.00 109.00 227.00 179.00 259.00 268.00]
>MA0396.1 STP3
A [ 25.00  18.00   0.00 100.00   0.00   0.00   0.00   0.00  45.00]
C [  9.00  42.00   0.00   0.00   0.00 100.00   0.00  64.00  17.00]
G [ 48.00  21.00   0.00   0.00 100.00   0.00 100.00  18.00  19.00]
T [ 18.00  19.00 100.00   0.00   0.00   0.00   0.00  18.00  20.00]
>MA0397.1 STP4
A [ 19.00  40.00   0.00 100.00   0.00   0.00   0.00   0.00  54.00]
C [ 11.00  28.00   0.00   0.00   0.00 100.00   0.00  73.00  15.00]
G [ 56.00  24.00   0.00   0.00 100.00   0.00 100.00  17.00  16.00]
T [ 15.00   7.00 100.00   0.00   0.00   0.00   0.00  10.00  15.00]
>MA0398.1 SUM1
A [ 50.00  52.00  62.00 100.00   0.00   8.00  24.00  28.00  15.00]
C [ 14.00   8.00   2.00   0.00   0.00   0.00   0.00   5.00  15.00]
G [ 14.00   8.00   2.00   0.00   0.00   0.00   0.00   5.00  11.00]
T [ 22.00  32.00  34.00   0.00 100.00  92.00  76.00  61.00  59.00]
>MA0399.1 SUT1
A [ 23.00  48.00   0.00   8.00   0.00  49.00  44.00]
C [142.00   5.00 266.00  61.00  46.00  35.00  14.00]
G [ 36.00 185.00   0.00 188.00 226.00 151.00 170.00]
T [ 29.00   0.00   0.00   1.00   0.00   0.00   4.00]
>MA0400.1 SUT2
A [333.00 225.00 269.00 354.00 248.00 522.00 940.00 971.00   0.00   1.00   2.00   1.00   2.00 789.00 523.00 375.00 338.00 279.00 163.00 281.00]
C [232.00 206.00 218.00 200.00 216.00  85.00   6.00   0.00 709.00  16.00 992.00 984.00   1.00  16.00  80.00 252.00 214.00 204.00 253.00 136.00]
G [112.00 264.00 277.00 100.00 153.00 287.00  12.00  11.00 287.00   0.00   1.00  12.00 993.00 168.00 257.00 154.00 168.00 209.00 252.00 244.00]
T [321.00 303.00 233.00 345.00 381.00 104.00  40.00  16.00   2.00 981.00   2.00   1.00   2.00  24.00 137.00 217.00 279.00 306.00 330.00 338.00]
>MA0401.1 SWI4
A [ 62.00   0.00  15.00   0.00   0.00 100.00  94.00  62.00]
C [  8.00 100.00   0.00 100.00   0.00   0.00   2.00   8.00]
G [ 15.00   0.00  85.00   0.00 100.00   0.00   2.00   8.00]
T [ 15.00   0.00   0.00   0.00   0.00   0.00   2.00  23.00]
>MA0402.1 SWI5
A [  8.00   0.00   0.00   0.00   0.00   0.00   4.00  25.00]
C [  8.00   0.00 100.00   0.00   0.00   0.00   4.00  25.00]
G [ 23.00 100.00   0.00   0.00 100.00 100.00  27.00  10.00]
T [ 62.00   0.00   0.00 100.00   0.00   0.00  65.00  40.00]
>MA0403.1 TBF1
A [ 61.00  46.00  15.00   0.00   0.00   0.00  75.00  38.00]
C [ 11.00  11.00  84.00 100.00 100.00   1.00   8.00  19.00]
G [ 12.00  35.00   1.00   0.00   0.00   0.00  11.00  27.00]
T [ 16.00   8.00   1.00   0.00   0.00  99.00   5.00  17.00]
>MA0404.1 TBS1
A [ 12.00   3.00   2.00  75.00  20.00   0.00   0.00   8.00]
C [ 78.00   3.00   2.00   8.00  13.00 100.00 100.00   8.00]
G [  5.00  90.00  95.00   8.00  13.00   0.00   0.00  75.00]
T [  5.00   3.00   2.00   8.00  53.00   0.00   0.00   8.00]
>MA0405.1 TEA1
A [  5.00   0.00   0.00   0.00  50.00   0.00  60.00  15.00]
C [  5.00 100.00   0.00  40.00   0.00  80.00   0.00  20.00]
G [ 75.00   0.00 100.00  60.00  50.00  20.00  10.00   5.00]
T [ 15.00   0.00   0.00   0.00   0.00   0.00  30.00  60.00]
>MA0406.1 TEC1
A [ 52.00   0.00 100.00   5.00   0.00   0.00   0.00  10.00]
C [  7.00  95.00   0.00   0.00   0.00  91.00  68.00  47.00]
G [ 34.00   5.00   0.00   0.00   0.00   9.00   0.00  15.00]
T [  7.00   0.00   0.00  95.00 100.00   0.00  32.00  28.00]
>MA0407.1 THI2
A [103.00   0.00 680.00 1265.00 1265.00   0.00   0.00  71.00 438.00 921.00 1265.00   0.00 1265.00 813.00 129.00]
C [  0.00   0.00 573.00   0.00   0.00 1024.00 543.00 599.00   0.00   0.00   0.00   0.00   0.00   0.00 1068.00]
G [1162.00 1265.00   0.00   0.00   0.00   0.00   0.00 571.00   0.00   0.00   0.00 1265.00   0.00 451.00  89.00]
T [  0.00   0.00  61.00   0.00   0.00 241.00 805.00  90.00 826.00 344.00   0.00   0.00   0.00   0.00   0.00]
>MA0408.1 TOS8
A [ 28.00   1.00   0.00   0.00   0.00 100.00  64.00  50.00]
C [ 47.00  16.00   0.00   0.00 100.00   0.00   7.00  15.00]
G [ 20.00   1.00 100.00   0.00   0.00   0.00   7.00  15.00]
T [  5.00  82.00   0.00 100.00   0.00   0.00  22.00  19.00]
>MA0409.1 TYE7
A [  3.00 100.00   0.00   0.00   0.00   0.00  78.00]
C [ 93.00   0.00 100.00  10.00   0.00   0.00   8.00]
G [  3.00   0.00   0.00  90.00   0.00 100.00   8.00]
T [  3.00   0.00   0.00   0.00 100.00   0.00   8.00]
>MA0410.1 UGA3
A [ 10.00   4.00   0.00   0.00   0.00   0.00   2.00  85.00]
C [ 44.00  28.00   0.00 100.00   0.00   0.00  27.00   2.00]
G [ 27.00  63.00 100.00   0.00 100.00 100.00  69.00   2.00]
T [ 19.00   4.00   0.00   0.00   0.00   0.00   2.00  10.00]
>MA0411.1 UPC2
A [ 16.00  59.00  38.00 100.00   0.00   1.00  83.00]
C [ 25.00   3.00   0.00   0.00 100.00   0.00   5.00]
G [ 19.00  28.00   0.00   0.00   0.00  99.00   9.00]
T [ 40.00   9.00  62.00   0.00   0.00   0.00   4.00]
>MA0412.1 UME6
A [  2.00   0.00   2.00   0.00   0.00   0.00   0.00   0.00   1.00  18.00  10.00   7.00   2.00]
C [  0.00  10.00   0.00   0.00  18.00   0.00   0.00  17.00   0.00   0.00   1.00   2.00   0.00]
G [  0.00   5.00  16.00  18.00   0.00  18.00  18.00   0.00   0.00   0.00   0.00   1.00   1.00]
T [ 16.00   3.00   0.00   0.00   0.00   0.00   0.00   1.00  17.00   0.00   7.00   8.00  15.00]
>MA0413.1 USV1
A [269.00 306.00 342.00 131.00 133.00 318.00   1.00   0.00   3.00   1.00   0.00   0.00 956.00 850.00 174.00 233.00 212.00 181.00 205.00 219.00]
C [223.00 182.00 168.00 193.00  55.00 551.00 967.00 977.00 993.00 981.00   6.00   2.00   0.00  92.00 257.00 235.00 191.00 185.00 100.00 297.00]
G [250.00 216.00 206.00 146.00 157.00 101.00  26.00   0.00   1.00   0.00   3.00 869.00  36.00  21.00 162.00  93.00 197.00 321.00 265.00 365.00]
T [255.00 294.00 283.00 528.00 652.00  28.00   3.00  20.00   1.00  16.00 989.00 126.00   5.00  35.00 405.00 438.00 399.00 311.00 428.00 116.00]
>MA0414.1 XBP1
A [ 12.00   0.00   0.00   0.00 100.00  40.00  31.00]
C [ 51.00   0.00 100.00   0.00   0.00   8.00  22.00]
G [  7.00   0.00   0.00 100.00   0.00  50.00  31.00]
T [ 31.00 100.00   0.00   0.00   0.00   3.00  15.00]
>MA0415.1 YAP1
A [297.00 143.00 148.00 240.00 212.00 397.00   5.00   8.00 976.00   1.00  60.00  10.00 971.00 981.00  35.00 320.00 182.00 247.00 248.00 199.00]
C [261.00 225.00 128.00 121.00 210.00 528.00   3.00  13.00   3.00 900.00  36.00   9.00   6.00   8.00  28.00 332.00 273.00 308.00 254.00 195.00]
G [211.00 313.00 305.00 201.00 327.00  50.00   8.00   6.00   9.00  36.00 900.00   3.00  13.00   3.00 516.00 228.00 154.00 204.00 309.00 177.00]
T [230.00 318.00 418.00 436.00 249.00  23.00 981.00 971.00  10.00  60.00   1.00 976.00   8.00   5.00 418.00 118.00 390.00 239.00 187.00 426.00]
>MA0416.1 YAP3
A [ 65.00   0.00   0.00 100.00   0.00   0.00   2.00  50.00]
C [ 19.00   0.00   0.00   0.00 100.00   0.00   2.00  12.00]
G [ 12.00   0.00   0.00   0.00   0.00 100.00   2.00  19.00]
T [  4.00 100.00 100.00   0.00   0.00   0.00  94.00  19.00]
>MA0417.1 YAP5
A [122.00 124.00  86.00   0.00 161.00  19.00]
C [  0.00   0.00   0.00 264.00   0.00   0.00]
G [  0.00  67.00 136.00   0.00   0.00   0.00]
T [ 34.00   0.00   0.00  17.00   0.00 137.00]
>MA0418.1 YAP6
A [174.00 228.00 134.00 114.00 252.00  43.00 491.00  27.00  25.00 889.00  38.00 172.00  67.00 647.00 829.00 162.00 228.00 337.00 430.00 166.00]
C [297.00 141.00  92.00 434.00 231.00 114.00 412.00  23.00  21.00  32.00 555.00  48.00  85.00 193.00  62.00  76.00 474.00  85.00 127.00 439.00]
G [371.00 587.00 332.00 109.00  72.00 646.00  36.00  56.00 112.00  49.00 103.00 722.00  37.00  64.00  72.00 481.00 142.00 428.00 302.00 243.00]
T [156.00  41.00 440.00 342.00 444.00 195.00  58.00 892.00 840.00  28.00 302.00  56.00 809.00  95.00  34.00 278.00 155.00 148.00 139.00 150.00]
>MA0419.1 YAP7
A [7195.00 195.00   0.00 10172.00 1260.00   0.00 7781.00 10507.00  98.00 2246.00 6606.00]
C [2582.00   0.00   0.00  98.00 1168.00  97.00 2526.00   0.00   0.00 7759.00 1126.00]
G [195.00   0.00 2132.00  97.00 8333.00   0.00 198.00   0.00 6311.00 509.00 2313.00]
T [869.00 10410.00 8375.00 172.00   0.00 10436.00   0.00   0.00 4323.00 394.00 1229.00]
>MA0420.1 ERT1
A [ 51.00   6.00   0.00   0.00   0.00 100.00 100.00   4.00]
C [ 10.00  47.00 100.00   0.00   0.00   0.00   0.00  63.00]
G [ 22.00   6.00   0.00 100.00 100.00   0.00   0.00   4.00]
T [ 16.00  41.00   0.00   0.00   0.00   0.00   0.00  28.00]
>MA0421.1 NSI1
A [174.00   0.00   0.00 1832.00   0.00   0.00 118.00   0.00  49.00 779.00]
C [  0.00   0.00 103.00   0.00 1832.00 1832.00 1739.00   0.00   0.00 841.00]
G [274.00  40.00   0.00   0.00   0.00   0.00   0.00 1832.00 1784.00 117.00]
T [1457.00 1817.00 1784.00   0.00   0.00   0.00   0.00   0.00   0.00 291.00]
>MA0422.1 URC2
A [ 25.00   0.00   0.00   0.00  74.00  23.00  56.00  14.00  94.00  36.00]
C [ 38.00 100.00   0.00   0.00   9.00  17.00   0.00   0.00   6.00  17.00]
G [ 11.00   0.00 100.00 100.00  17.00  46.00   0.00   0.00   0.00  15.00]
T [ 27.00   0.00   0.00   0.00   0.00  14.00  43.00  85.00   0.00  32.00]
>MA0423.1 YER130C
A [ 35.00   0.00   0.00   0.00   0.00   0.00  60.00  21.00  32.00]
C [ 28.00  97.00  91.00 100.00 100.00   0.00   0.00   0.00  28.00]
G [ 23.00   1.00   0.00   0.00   0.00   0.00   8.00   4.00   5.00]
T [ 13.00   2.00   9.00   0.00   0.00 100.00  32.00  75.00  34.00]
>MA0424.1 YER184C
A [ 28.00   2.00   0.00   0.00   0.00   0.00  69.00  46.00]
C [ 37.00  17.00  77.00 100.00   0.00   0.00  31.00  15.00]
G [  6.00  10.00  15.00   0.00 100.00 100.00   0.00  23.00]
T [ 28.00  71.00   8.00   0.00   0.00   0.00   0.00  15.00]
>MA0425.1 YGR067C
A [ 36.00   0.00   0.00   0.00   1.00  41.00   0.00  27.00  23.00  24.00  25.00  25.00  22.00  26.00]
C [ 24.00 100.00  99.00 100.00  99.00   0.00  98.00  26.00  26.00  26.00  24.00  22.00  26.00  24.00]
G [ 27.00   0.00   0.00   0.00   0.00  31.00   1.00  17.00  20.00  20.00  25.00  26.00  26.00  26.00]
T [ 14.00   0.00   1.00   0.00   0.00  28.00   1.00  31.00  31.00  30.00  26.00  27.00  26.00  25.00]
>MA0426.1 YHP1
A [  0.00 203.00 203.00   0.00   0.00   0.00]
C [  0.00   0.00   0.00   0.00   0.00   0.00]
G [  0.00   0.00   0.00   0.00   0.00 203.00]
T [203.00   0.00   0.00 203.00 203.00   0.00]
>MA0428.1 YKL222C
A [ 48.00  69.00   0.00   0.00   0.00  92.00  52.00  65.00  10.00]
C [ 23.00  10.00 100.00   0.00   0.00   0.00   2.00   6.00  10.00]
G [ 15.00  19.00   0.00 100.00 100.00   8.00  44.00   6.00  10.00]
T [ 15.00   2.00   0.00   0.00   0.00   0.00   2.00  23.00  69.00]
>MA0429.1 YLL054C
A [  0.00   0.00   0.00  21.00   9.00  13.00  56.00]
C [100.00   0.00   0.00  64.00  66.00   5.00  14.00]
G [  0.00 100.00 100.00  14.00  16.00  77.00   7.00]
T [  0.00   0.00   0.00   0.00   9.00   5.00  21.00]
>MA0430.1 YLR278C
A [ 13.00   0.00   0.00   0.00  96.00   4.00  23.00  27.00]
C [ 42.00 100.00   0.00   0.00   0.00  14.00   2.00   5.00]
G [ 13.00   0.00 100.00 100.00   4.00  82.00   5.00   5.00]
T [ 31.00   0.00   0.00   0.00   0.00   0.00  70.00  63.00]
>MA0431.1 TDA9
A [ 32.00   0.00   0.00   0.00   0.00  30.00   0.00  44.00  19.00]
C [ 24.00 100.00 100.00 100.00 100.00   0.00 100.00  16.00  35.00]
G [ 23.00   0.00   0.00   0.00   0.00  36.00   0.00   3.00  15.00]
T [ 21.00   0.00   0.00   0.00   0.00  34.00   0.00  38.00  31.00]
>MA0432.1 YNR063W
A [  8.00   0.00   0.00   0.00 100.00  10.00  90.00  33.00]
C [  8.00 100.00   0.00   0.00   0.00   0.00   0.00   3.00]
G [ 18.00   0.00 100.00 100.00   0.00  80.00   0.00   3.00]
T [ 68.00   0.00   0.00   0.00   0.00  10.00  10.00  63.00]
>MA0433.1 YOX1
A [  1.00   0.00 100.00 100.00   0.00   0.00  62.00  54.00]
C [ 25.00   0.00   0.00   0.00   0.00   0.00   3.00  13.00]
G [  7.00   0.00   0.00   0.00   0.00   0.00  15.00  13.00]
T [ 66.00 100.00   0.00   0.00 100.00 100.00  21.00  19.00]
>MA0434.1 YPR013C
A [ 11.00   0.00   9.00  63.00  40.00 100.00   0.00   0.00  36.00]
C [ 36.00   0.00  26.00  26.00   0.00   0.00   0.00 100.00  30.00]
G [ 11.00 100.00   0.00   0.00  60.00   0.00   0.00   0.00  17.00]
T [ 41.00   0.00  65.00  11.00   0.00   0.00 100.00   0.00  17.00]
>MA0435.1 YPR015C
A [ 75.00 158.00 382.00 376.00 274.00 552.00  16.00   4.00   2.00 983.00 884.00 986.00   5.00   4.00 326.00  86.00 258.00 450.00 281.00 333.00]
C [242.00 204.00 170.00 240.00  50.00 169.00 747.00   4.00  16.00   7.00   1.00   2.00   2.00 983.00 575.00 221.00 190.00 110.00 396.00 330.00]
G [144.00 341.00 173.00 137.00 462.00 240.00  17.00 988.00   3.00   3.00 109.00   4.00   2.00   1.00  55.00  77.00 196.00 173.00  62.00  68.00]
T [537.00 295.00 274.00 245.00 212.00  37.00 218.00   2.00 978.00   5.00   4.00   6.00 989.00   9.00  43.00 613.00 354.00 266.00 260.00 266.00]
>MA0436.1 YPR022C
A [ 15.00   0.00   0.00   0.00 100.00   0.00  23.00]
C [ 66.00 100.00 100.00 100.00   0.00 100.00  26.00]
G [  0.00   0.00   0.00   0.00   0.00   0.00  34.00]
T [ 20.00   0.00   0.00   0.00   0.00   0.00  18.00]
>MA0437.1 YPR196W
A [ 61.00  32.00  17.00  24.00  17.00  12.00   0.00   0.00   3.00]
C [  0.00   0.00   0.00   4.00  44.00  32.00  93.00 100.00   0.00]
G [ 26.00   0.00   0.00   2.00  11.00   7.00   7.00   0.00  93.00]
T [ 13.00  68.00  83.00  69.00  28.00  49.00   0.00   0.00   5.00]
>MA0438.1 YRM1
A [ 51.00   2.00   0.00   0.00 100.00  60.00  93.00  12.00]
C [ 15.00  94.00   0.00   0.00   0.00  12.00   1.00   8.00]
G [ 23.00   2.00 100.00 100.00   0.00  16.00   1.00   4.00]
T [ 11.00   2.00   0.00   0.00   0.00  12.00   5.00  76.00]
>MA0439.1 YRR1
A [ 21.00  16.00  22.00  89.00  19.00  28.00   4.00   0.00   0.00   3.00   6.00]
C [ 42.00  16.00   8.00   1.00   9.00  33.00  22.00 100.00 100.00   0.00  41.00]
G [ 22.00  10.00   4.00   2.00   4.00   8.00   7.00   0.00   0.00  95.00  14.00]
T [ 15.00  57.00  66.00   8.00  68.00  32.00  68.00   0.00   0.00   2.00  39.00]
>MA0440.1 ZAP1
A [169.00   0.00   0.00   0.00   0.00 107.00 169.00 119.00   0.00   0.00   0.00  21.00 119.00   9.00  46.00]
C [  0.00 279.00 279.00  97.00   0.00  77.00   0.00  17.00   0.00   0.00   0.00  97.00   0.00  17.00   0.00]
G [  0.00   0.00   0.00   0.00   0.00  17.00   0.00  57.00 279.00 279.00   0.00  37.00  57.00   0.00 198.00]
T [  0.00   0.00   0.00 107.00 169.00   0.00   0.00   0.00   0.00   0.00 169.00  58.00   9.00 145.00   0.00]
>MA0441.1 ZMS1
A [ 15.00  31.00   0.00   0.00   0.00   0.00  19.00   5.00  50.00]
C [ 15.00  11.00 100.00 100.00 100.00 100.00   4.00  85.00  10.00]
G [ 15.00  11.00   0.00   0.00   0.00   0.00  54.00   5.00  10.00]
T [ 55.00  46.00   0.00   0.00   0.00   0.00  24.00   5.00  30.00]
>MA0929.1 NCU00019
A [326.00 225.00 320.00 150.00 111.00 803.00 999.00 898.00  26.00 923.00 438.00 413.00]
C [225.00 225.00 127.00  55.00   0.00 101.00   0.00   0.00 521.00  26.00 219.00 196.00]
G [225.00 225.00 230.00 741.00   0.00   0.00   0.00   0.00  26.00  26.00 124.00 196.00]
T [225.00 326.00 323.00  55.00 889.00  96.00   0.00 101.00 428.00  26.00 219.00 196.00]
