>MA0010.1 br
A [  3.00   1.00   5.00   7.00   3.00   6.00   4.00   7.00   1.00   9.00   8.00   5.00   4.00   2.00]
C [  1.00   1.00   2.00   0.00   0.00   0.00   1.00   0.00   8.00   0.00   0.00   0.00   0.00   3.00]
G [  4.00   1.00   1.00   1.00   0.00   0.00   4.00   1.00   0.00   0.00   1.00   3.00   0.00   2.00]
T [  1.00   6.00   1.00   1.00   6.00   3.00   0.00   1.00   0.00   0.00   0.00   1.00   5.00   2.00]
>MA0011.1 br(var.2)
A [  3.00   5.00   0.00   0.00  12.00   1.00   2.00   1.00]
C [  1.00   2.00  10.00   1.00   0.00   1.00   0.00   2.00]
G [  1.00   1.00   0.00   0.00   0.00   2.00   1.00   1.00]
T [  7.00   4.00   2.00  11.00   0.00   8.00   9.00   8.00]
>MA0012.1 br(var.3)
A [  3.00   9.00  10.00  12.00   0.00   4.00  10.00   6.00   6.00   4.00   2.00]
C [  1.00   2.00   0.00   0.00  10.00   0.00   0.00   0.00   1.00   3.00   3.00]
G [  1.00   1.00   0.00   0.00   1.00   0.00   0.00   4.00   2.00   2.00   5.00]
T [  7.00   0.00   2.00   0.00   1.00   8.00   2.00   2.00   3.00   3.00   2.00]
>MA0013.1 br(var.4)
A [  1.00   4.00   2.00   1.00   5.00   6.00   5.00   1.00   3.00   5.00   3.00]
C [  1.00   0.00   0.00   0.00   0.00   0.00   0.00   3.00   0.00   0.00   1.00]
G [  0.00   0.00   4.00   0.00   1.00   0.00   1.00   1.00   1.00   0.00   0.00]
T [  4.00   2.00   0.00   5.00   0.00   0.00   0.00   1.00   2.00   1.00   2.00]
>MA0015.1 Cf2
A [ 25.00   1.00  74.00   0.00  78.00   1.00  41.00   2.00  53.00  12.00]
C [ 13.00   2.00   2.00   9.00   2.00   4.00   2.00   9.00   3.00  29.00]
G [ 40.00   1.00   4.00   4.00   0.00   1.00  36.00   1.00  20.00  15.00]
T [  2.00  76.00   0.00  67.00   0.00  74.00   1.00  68.00   4.00  24.00]
>MA0016.1 usp
A [  0.00   1.00   0.00   0.00   0.00   0.00  35.00   5.00   5.00   6.00]
C [  1.00   0.00   0.00   0.00   0.00  36.00   0.00  25.00   8.00  10.00]
G [ 37.00  36.00  38.00  38.00   0.00   1.00   3.00   3.00  22.00  16.00]
T [  0.00   1.00   0.00   0.00  38.00   1.00   0.00   5.00   3.00   6.00]
>MA0022.1 dl
A [  0.00   0.00   0.00   0.00   1.00   1.00   1.00   0.00   0.00   1.00   1.00   3.00]
C [  5.00   0.00   1.00   0.00   1.00   0.00   0.00   0.00   3.00   9.00   9.00   5.00]
G [  6.00  12.00  11.00  10.00   3.00   2.00   0.00   0.00   0.00   0.00   1.00   5.00]
T [  2.00   1.00   1.00   3.00   8.00  10.00  12.00  13.00  10.00   3.00   2.00   0.00]
>MA0023.1 dl(var.2)
A [  0.00   0.00   0.00   0.00   4.00   2.00   0.00   0.00   0.00   1.00]
C [  1.00   0.00   0.00   0.00   1.00   1.00   0.00   1.00   9.00   8.00]
G [  7.00   7.00   9.00   8.00   0.00   0.00   0.00   0.00   0.00   0.00]
T [  1.00   2.00   0.00   1.00   4.00   6.00   9.00   8.00   0.00   0.00]
>MA0026.1 Eip74EF
A [  2.00   5.00   0.00   0.00  17.00  17.00   5.00]
C [ 12.00  12.00   0.00   0.00   0.00   0.00   1.00]
G [  2.00   0.00  17.00  17.00   0.00   0.00  10.00]
T [  1.00   0.00   0.00   0.00   0.00   0.00   1.00]
>MA0049.1 hb
A [  1.00   6.00   9.00   4.00  13.00  16.00  16.00  14.00  15.00   9.00]
C [  5.00   8.00   3.00   3.00   1.00   0.00   0.00   0.00   1.00   2.00]
G [  8.00   2.00   4.00   1.00   0.00   0.00   0.00   2.00   0.00   2.00]
T [  2.00   0.00   0.00   8.00   2.00   0.00   0.00   0.00   0.00   3.00]
>MA0085.1 Su(H)
A [  1.00   0.00   0.00   0.00   0.00   3.00   0.00  10.00  10.00   5.00   1.00   1.00   4.00   3.00   4.00   2.00]
C [  3.00   4.00   0.00   0.00   0.00   0.00   0.00   0.00   0.00   5.00   7.00   2.00   2.00   1.00   3.00   1.00]
G [  3.00   0.00  10.00   0.00  10.00   7.00  10.00   0.00   0.00   0.00   1.00   4.00   2.00   4.00   2.00   2.00]
T [  3.00   6.00   0.00  10.00   0.00   0.00   0.00   0.00   0.00   0.00   1.00   3.00   2.00   2.00   1.00   5.00]
>MA0086.2 sna
A [241.00 128.00 454.00 835.00   5.00 984.00  87.00   5.00   5.00  10.00  42.00 535.00 290.00]
C [200.00 324.00  57.00   7.00 984.00   4.00   4.00   4.00   4.00   5.00 455.00 139.00 244.00]
G [309.00 264.00 387.00 114.00   6.00   7.00 903.00 986.00   7.00 976.00 184.00 147.00 230.00]
T [250.00 284.00 102.00  44.00   5.00   5.00   6.00   5.00 984.00  10.00 319.00 179.00 236.00]
>MA0094.2 Ubx
A [  3.00   0.00   0.00  17.00  20.00   0.00   0.00  14.00]
C [  5.00   0.00   0.00   0.00   0.00   0.00   0.00   0.00]
G [  3.00   0.00   0.00   0.00   0.00   0.00   6.00   6.00]
T [  9.00  20.00  20.00   3.00   0.00  20.00  14.00   0.00]
>MA0126.1 ovo
A [ 10.00   1.00   4.00  20.00  21.00   0.00   7.00   0.00   5.00]
C [  4.00   4.00   2.00   0.00   0.00  21.00   5.00   0.00   4.00]
G [  0.00  14.00   2.00   0.00   0.00   0.00   3.00  21.00   2.00]
T [  7.00   2.00  13.00   1.00   0.00   0.00   6.00   0.00  10.00]
>MA0165.1 Abd-B
A [  1.00   0.00   5.00  21.00   0.00   3.00  13.00]
C [  0.00   0.00   0.00   0.00   3.00   0.00   0.00]
G [  0.00   0.00   0.00   0.00   0.00  11.00   5.00]
T [ 20.00  21.00  16.00   0.00  18.00   7.00   3.00]
>MA0166.1 Antp
A [  1.00   0.00  16.00  16.00   0.00   0.00  15.00]
C [  1.00   0.00   0.00   0.00   0.00   0.00   0.00]
G [  0.00   0.00   0.00   0.00   0.00   9.00   1.00]
T [ 14.00  16.00   0.00   0.00  16.00   7.00   0.00]
>MA0167.1 Awh
A [  3.00   1.00  33.00  40.00   0.00   0.00  34.00]
C [ 16.00   0.00   0.00   0.00   0.00   0.00   0.00]
G [  0.00   0.00   7.00   0.00   1.00   8.00   4.00]
T [ 21.00  39.00   0.00   0.00  39.00  32.00   2.00]
>MA0168.1 B-H1
A [  4.00   0.00  21.00  21.00   8.00   1.00   1.00]
C [  4.00   0.00   0.00   0.00   0.00   7.00   0.00]
G [  0.00   0.00   0.00   0.00   0.00   0.00  20.00]
T [ 13.00  21.00   0.00   0.00  13.00  13.00   0.00]
>MA0169.1 B-H2
A [  6.00   0.00  21.00  21.00   5.00   3.00   0.00]
C [  2.00   0.00   0.00   0.00   0.00   1.00   0.00]
G [  1.00   0.00   0.00   0.00   0.00   2.00  21.00]
T [ 12.00  21.00   0.00   0.00  16.00  15.00   0.00]
>MA0170.1 C15
A [  1.00   0.00  17.00  19.00   6.00   0.00  10.00]
C [  1.00   0.00   0.00   0.00   2.00   3.00   0.00]
G [  0.00   0.00   0.00   0.00   0.00   6.00   9.00]
T [ 17.00  19.00   2.00   0.00  11.00  10.00   0.00]
>MA0171.1 CG11085
A [  0.00   0.00  13.00  13.00   1.00   2.00   1.00]
C [  3.00   0.00   0.00   0.00   0.00   1.00   0.00]
G [  0.00   0.00   0.00   0.00   0.00   2.00  12.00]
T [ 10.00  13.00   0.00   0.00  12.00   8.00   0.00]
>MA0172.1 CG11294
A [  0.00   0.00  15.00  15.00   0.00   0.00  15.00]
C [  3.00   2.00   0.00   0.00   0.00   0.00   0.00]
G [  0.00   0.00   0.00   0.00   0.00   0.00   0.00]
T [ 12.00  13.00   0.00   0.00  15.00  15.00   0.00]
>MA0173.1 CG11617
A [  1.00   0.00  10.00  17.00   0.00  17.00   0.00]
C [  0.00   0.00   0.00   0.00  17.00   0.00   0.00]
G [  0.00   0.00   3.00   0.00   0.00   0.00   0.00]
T [ 16.00  17.00   4.00   0.00   0.00   0.00   1.00]
>MA0174.1 Dbx
A [  2.00   2.00   6.00  16.00   0.00   0.00  13.00]
C [  0.00   0.00   0.00   0.00   0.00   2.00   0.00]
G [  0.00   0.00   2.00   0.00   0.00   6.00   3.00]
T [ 14.00  14.00   8.00   0.00  16.00   8.00   0.00]
>MA0175.1 lms
A [  2.00   0.00  21.00  21.00   0.00   3.00   8.00]
C [  7.00   0.00   0.00   0.00   0.00   0.00   0.00]
G [  1.00   0.00   0.00   0.00   0.00   4.00  13.00]
T [ 11.00  21.00   0.00   0.00  21.00  14.00   0.00]
>MA0176.1 CG15696-RA
A [  2.00   2.00  21.00  32.00   0.00   0.00  16.00]
C [  3.00   3.00   0.00   0.00   0.00   0.00   0.00]
G [  3.00   0.00   6.00   0.00   0.00   2.00  16.00]
T [ 24.00  27.00   5.00   0.00  32.00  30.00   0.00]
>MA0177.1 CG18599
A [  4.00   0.00  25.00  25.00   0.00   0.00  23.00]
C [ 10.00   0.00   0.00   0.00   0.00   1.00   0.00]
G [  1.00   0.00   0.00   0.00   0.00   8.00   2.00]
T [ 10.00  25.00   0.00   0.00  25.00  16.00   0.00]
>MA0178.1 CG32105
A [  2.00   2.00  17.00  19.00   0.00   0.00  15.00]
C [  4.00   0.00   0.00   0.00   0.00   0.00   0.00]
G [  0.00   0.00   0.00   0.00   1.00   1.00   4.00]
T [ 13.00  17.00   2.00   0.00  18.00  18.00   0.00]
>MA0179.1 CG32532
A [  2.00   0.00  23.00  23.00   0.00   0.00  12.00]
C [  6.00   0.00   0.00   0.00   0.00   0.00   0.00]
G [  2.00   0.00   0.00   0.00   0.00   2.00  10.00]
T [ 13.00  23.00   0.00   0.00  23.00  21.00   1.00]
>MA0180.1 Vsx2
A [  1.00   2.00   0.00  13.00  13.00   0.00   0.00  10.00   1.00]
C [  1.00   2.00   0.00   0.00   0.00   0.00   0.00   0.00   2.00]
G [  5.00   0.00   0.00   0.00   0.00   0.00   0.00   3.00  10.00]
T [  6.00   9.00  13.00   0.00   0.00  13.00  13.00   0.00   0.00]
>MA0181.1 Vsx1
A [  1.00   0.00  22.00  22.00   0.00   2.00  15.00]
C [  8.00   0.00   0.00   0.00   0.00   0.00   0.00]
G [  1.00   0.00   0.00   0.00   0.00   3.00   6.00]
T [ 12.00  22.00   0.00   0.00  22.00  17.00   1.00]
>MA0182.1 CG4328-RA
A [ 12.00   7.00  13.00  30.00   0.00   0.00  15.00]
C [  2.00   1.00   0.00   0.00   0.00   0.00   0.00]
G [  3.00   0.00   0.00   0.00   0.00   6.00  15.00]
T [ 13.00  22.00  17.00   0.00  30.00  24.00   0.00]
>MA0183.1 HHEX
A [  7.00   0.00   0.00  21.00  26.00   0.00   7.00  22.00]
C [  3.00   7.00   6.00   0.00   0.00   3.00   0.00   0.00]
G [  2.00   0.00   7.00   2.00   0.00   3.00   1.00   4.00]
T [ 14.00  19.00  13.00   3.00   0.00  20.00  18.00   0.00]
>MA0184.1 CG9876
A [  2.00   0.00  18.00  20.00   0.00   0.00  14.00]
C [  9.00   0.00   0.00   0.00   0.00   0.00   0.00]
G [  3.00   0.00   0.00   0.00   0.00   1.00   6.00]
T [  6.00  20.00   2.00   0.00  20.00  19.00   0.00]
>MA0185.1 Deaf1
A [  0.00   0.00   0.00   0.00   0.00   1.00]
C [  3.00   0.00  10.00   0.00   0.00   3.00]
G [  0.00   0.00   0.00  10.00   5.00   4.00]
T [  7.00  10.00   0.00   0.00   5.00   2.00]
>MA0186.1 Dfd
A [  1.00   0.00  24.00  24.00   0.00   1.00  21.00]
C [  4.00   0.00   0.00   0.00   0.00   0.00   0.00]
G [  3.00   0.00   0.00   0.00   0.00  19.00   3.00]
T [ 16.00  24.00   0.00   0.00  24.00   4.00   0.00]
>MA0187.1 Dll
A [  1.00  22.00  23.00   0.00   3.00  10.00   1.00]
C [  0.00   0.00   0.00   0.00   0.00   0.00  12.00]
G [  0.00   1.00   0.00   0.00   3.00   9.00   4.00]
T [ 22.00   0.00   0.00  23.00  17.00   4.00   6.00]
>MA0188.1 Dr
A [  1.00   0.00  21.00  21.00   0.00   0.00  21.00]
C [ 13.00  16.00   0.00   0.00   0.00   0.00   0.00]
G [  6.00   0.00   0.00   0.00   0.00   0.00   0.00]
T [  1.00   5.00   0.00   0.00  21.00  21.00   0.00]
>MA0189.1 E5
A [  5.00   3.00  43.00  42.00   1.00   5.00  34.00]
C [ 15.00   0.00   0.00   0.00   0.00   0.00   0.00]
G [  6.00   0.00   0.00   0.00   1.00  16.00   9.00]
T [ 17.00  40.00   0.00   1.00  41.00  22.00   0.00]
>MA0190.1 Gsc
A [  0.00  22.00  22.00   0.00   0.00   0.00]
C [  0.00   0.00   0.00   0.00  22.00  14.00]
G [  0.00   0.00   0.00   0.00   0.00   2.00]
T [ 22.00   0.00   0.00  22.00   0.00   6.00]
>MA0191.1 HGTX
A [  4.00   0.00  20.00  20.00   0.00   1.00  15.00]
C [  2.00   0.00   0.00   0.00   0.00   0.00   0.00]
G [  3.00   0.00   0.00   0.00   0.00   6.00   5.00]
T [ 11.00  20.00   0.00   0.00  20.00  13.00   0.00]
>MA0192.1 Hmx
A [  1.00   0.00  20.00  20.00   1.00   0.00   4.00]
C [  3.00   0.00   0.00   0.00   0.00   3.00   0.00]
G [  0.00   0.00   0.00   0.00   0.00   0.00  16.00]
T [ 16.00  20.00   0.00   0.00  19.00  17.00   0.00]
>MA0193.1 schlank
A [  0.00   0.00  17.00   1.00   0.00  18.00  12.00]
C [ 19.00   9.00   2.00  18.00  12.00   0.00   0.00]
G [  0.00   0.00   0.00   0.00   0.00   1.00   4.00]
T [  0.00  10.00   0.00   0.00   7.00   0.00   3.00]
>MA0194.1 Lim1
A [  0.00   0.00  18.00  18.00   0.00   0.00  17.00]
C [  2.00   0.00   0.00   0.00   0.00   0.00   0.00]
G [  0.00   0.00   0.00   0.00   0.00   0.00   1.00]
T [ 16.00  18.00   0.00   0.00  18.00  18.00   0.00]
>MA0195.1 Lim3
A [  3.00   4.00  16.00  20.00   0.00   0.00  16.00]
C [  7.00   0.00   0.00   0.00   0.00   2.00   0.00]
G [  2.00   0.00   3.00   0.00   0.00   4.00   4.00]
T [  8.00  16.00   1.00   0.00  20.00  14.00   0.00]
>MA0196.1 NK7.1
A [  5.00   0.00  33.00  35.00   4.00   6.00  13.00]
C [  5.00   0.00   0.00   0.00   0.00   0.00   0.00]
G [  1.00   0.00   2.00   0.00   5.00   7.00  22.00]
T [ 24.00  35.00   0.00   0.00  26.00  22.00   0.00]
>MA0197.2 nub
A [  2.00  29.00   0.00   0.00   0.00  24.00  28.00  28.00   4.00   6.00  19.00   4.00]
C [  1.00   0.00   0.00   0.00  19.00   0.00   0.00   0.00   1.00   5.00   5.00   3.00]
G [  1.00   0.00   0.00  25.00   1.00   0.00   1.00   0.00   0.00   8.00   1.00  15.00]
T [ 25.00   0.00  29.00   4.00   9.00   5.00   0.00   1.00  24.00  10.00   4.00   7.00]
>MA0198.1 OdsH
A [  0.00   0.00  22.00  22.00   0.00   0.00  13.00]
C [ 11.00   0.00   0.00   0.00   0.00   0.00   0.00]
G [  4.00   0.00   0.00   0.00   0.00   0.00   8.00]
T [  7.00  22.00   0.00   0.00  22.00  22.00   1.00]
>MA0199.1 Optix
A [  0.00   0.00  27.00   0.00  26.00]
C [  5.00   0.00   0.00   0.00   0.00]
G [  0.00  27.00   0.00   0.00   1.00]
T [ 22.00   0.00   0.00  27.00   0.00]
>MA0200.1 Pph13
A [  6.00   0.00  21.00  21.00   0.00   0.00  13.00]
C [  8.00   0.00   0.00   0.00   0.00   1.00   1.00]
G [  3.00   0.00   0.00   0.00   0.00   0.00   6.00]
T [  4.00  21.00   0.00   0.00  21.00  20.00   1.00]
>MA0201.1 Ptx1
A [  0.00   0.00  20.00  20.00   0.00   0.00   0.00]
C [  5.00   0.00   0.00   0.00   0.00  20.00  19.00]
G [  1.00   0.00   0.00   0.00   0.00   0.00   0.00]
T [ 14.00  20.00   0.00   0.00  20.00   0.00   1.00]
>MA0202.1 Rx
A [  3.00   0.00  27.00  27.00   0.00   0.00  17.00]
C [ 13.00   0.00   0.00   0.00   0.00   0.00   0.00]
G [  0.00   0.00   0.00   0.00   0.00   0.00  10.00]
T [ 11.00  27.00   0.00   0.00  27.00  27.00   0.00]
>MA0203.1 Scr
A [  3.00   0.00  25.00  25.00   0.00   0.00  23.00]
C [  7.00   0.00   0.00   0.00   0.00   0.00   0.00]
G [  0.00   0.00   0.00   0.00   0.00  18.00   2.00]
T [ 15.00  25.00   0.00   0.00  25.00   7.00   0.00]
>MA0204.1 Six4
A [  0.00   0.00  20.00   0.00  20.00   1.00]
C [  0.00   0.00   0.00   7.00   0.00  19.00]
G [  0.00  20.00   0.00   4.00   0.00   0.00]
T [ 20.00   0.00   0.00   9.00   0.00   0.00]
>MA0205.1 Trl
A [  4.00   6.00  12.00   0.00   3.00   1.00  13.00   5.00   7.00   9.00]
C [ 22.00  23.00   6.00  64.00   0.00  70.00   0.00  54.00  13.00  33.00]
G [  9.00  11.00  30.00   3.00  14.00   0.00   2.00   7.00  11.00  10.00]
T [ 36.00  31.00  23.00   4.00  54.00   0.00  56.00   5.00  40.00  19.00]
>MA0206.1 abd-A
A [  1.00   0.00  16.00  18.00   1.00   0.00  15.00]
C [  3.00   0.00   0.00   0.00   0.00   0.00   1.00]
G [  0.00   0.00   0.00   0.00   0.00   6.00   2.00]
T [ 14.00  18.00   2.00   0.00  17.00  12.00   0.00]
>MA0207.1 achi
A [  0.00   0.00  23.00   0.00  23.00   3.00]
C [  0.00   0.00   0.00  22.00   0.00   0.00]
G [  0.00  23.00   0.00   0.00   0.00  12.00]
T [ 23.00   0.00   0.00   1.00   0.00   2.00]
>MA0208.1 al
A [  0.00  20.00  20.00   0.00   0.00  17.00  18.00]
C [  0.00   0.00   0.00   0.00   0.00   0.00   0.00]
G [  0.00   0.00   0.00   0.00   0.00   3.00   2.00]
T [ 20.00   0.00   0.00  20.00  20.00   0.00   0.00]
>MA0209.1 ap
A [  2.00   1.00  19.00  19.00   0.00   0.00  16.00]
C [ 10.00   0.00   0.00   0.00   0.00   0.00   0.00]
G [  0.00   0.00   0.00   0.00   0.00   6.00   3.00]
T [  7.00  18.00   0.00   0.00  19.00  13.00   0.00]
>MA0210.1 ara
A [ 14.00  23.00  34.00   0.00  34.00]
C [  0.00   0.00   0.00  34.00   0.00]
G [  5.00   0.00   0.00   0.00   0.00]
T [ 15.00  11.00   0.00   0.00   0.00]
>MA0211.1 bap
A [  0.00   0.00  23.00  23.00   0.00   1.00   7.00]
C [  0.00   0.00   0.00   0.00   0.00   0.00   0.00]
G [  1.00   0.00   0.00   0.00  23.00   0.00  16.00]
T [ 22.00  23.00   0.00   0.00   0.00  22.00   0.00]
>MA0212.1 bcd
A [  0.00  20.00  22.00   0.00   0.00   0.00]
C [  0.00   0.00   0.00   0.00  22.00  21.00]
G [  0.00   0.00   0.00   1.00   0.00   0.00]
T [ 22.00   2.00   0.00  21.00   0.00   1.00]
>MA0213.1 brk
A [  1.00   0.00   0.00   0.00   0.00   1.00   1.00   0.00]
C [  5.00   4.00   0.00   0.00  10.00   0.00   8.00   5.00]
G [  4.00   0.00  10.00  10.00   0.00   9.00   0.00   1.00]
T [  0.00   6.00   0.00   0.00   0.00   0.00   1.00   4.00]
>MA0214.1 bsh
A [  1.00   0.00  16.00  16.00   0.00   0.00   7.00]
C [  3.00   0.00   0.00   0.00   1.00   3.00   0.00]
G [  2.00   0.00   0.00   0.00   0.00   6.00   9.00]
T [ 10.00  16.00   0.00   0.00  15.00   7.00   0.00]
>MA0215.1 btn
A [  5.00   0.00  22.00  23.00   0.00   0.00  19.00]
C [  1.00   0.00   0.00   0.00   1.00   0.00   0.00]
G [  4.00   0.00   1.00   0.00   0.00  15.00   3.00]
T [ 13.00  23.00   0.00   0.00  22.00   8.00   1.00]
>MA0216.2 cad
A [854.00 575.00   0.00 745.00 2117.00   0.00 2236.00 2303.00 2303.00 1637.00 1046.00]
C [  0.00 341.00 1481.00 1475.00   0.00  95.00   0.00   0.00   0.00 115.00 755.00]
G [1143.00 1387.00   0.00   0.00 186.00   0.00   0.00   0.00   0.00 147.00   0.00]
T [306.00   0.00 822.00  83.00   0.00 2208.00  67.00   0.00   0.00 404.00 502.00]
>MA0217.1 caup
A [  4.00  14.00  19.00   0.00  19.00]
C [  1.00   0.00   0.00  19.00   0.00]
G [  2.00   2.00   0.00   0.00   0.00]
T [ 12.00   3.00   0.00   0.00   0.00]
>MA0218.1 ct
A [  0.00   1.00   9.00  20.00  17.00   0.00]
C [  6.00   2.00   0.00   0.00   0.00  19.00]
G [  0.00   0.00  11.00   0.00   1.00   1.00]
T [ 14.00  17.00   0.00   0.00   2.00   0.00]
>MA0219.1 ems
A [  3.00   3.00  19.00  19.00   0.00   0.00  14.00]
C [  7.00   0.00   0.00   0.00   0.00   1.00   0.00]
G [  1.00   0.00   0.00   1.00   0.00  10.00   6.00]
T [  9.00  17.00   1.00   0.00  20.00   9.00   0.00]
>MA0220.1 en
A [  2.00   0.00  23.00  23.00   0.00   0.00  13.00]
C [  8.00   0.00   0.00   0.00   0.00   0.00   0.00]
G [  2.00   0.00   0.00   0.00   0.00   2.00  10.00]
T [ 11.00  23.00   0.00   0.00  23.00  21.00   0.00]
>MA0221.1 eve
A [  3.00   1.00  22.00  22.00   0.00   0.00  17.00]
C [ 10.00   0.00   0.00   0.00   2.00   2.00   0.00]
G [  0.00   0.00   0.00   0.00   1.00  11.00   4.00]
T [  9.00  21.00   0.00   0.00  19.00   9.00   1.00]
>MA0222.1 exd
A [  4.00   1.00   0.00   0.00   0.00  17.00   0.00  11.00]
C [  4.00   0.00   0.00   0.00   0.00   0.00  12.00   0.00]
G [  4.00   2.00   0.00   0.00  17.00   0.00   0.00   6.00]
T [  5.00  14.00  17.00  17.00   0.00   0.00   5.00   0.00]
>MA0224.1 exex
A [  0.00   0.00  23.00  23.00   0.00   1.00  20.00]
C [  7.00   0.00   0.00   0.00   0.00   1.00   0.00]
G [ 10.00   0.00   0.00   0.00   0.00   0.00   3.00]
T [  6.00  23.00   0.00   0.00  23.00  21.00   0.00]
>MA0225.1 ftz
A [  1.00   1.00  18.00  18.00   0.00   0.00  14.00]
C [  2.00   0.00   0.00   0.00   0.00   0.00   0.00]
G [  0.00   0.00   0.00   0.00   0.00   9.00   4.00]
T [ 15.00  17.00   0.00   0.00  18.00   9.00   0.00]
>MA0226.1 hbn
A [  2.00   0.00  17.00  17.00   0.00   0.00   9.00]
C [  2.00   0.00   0.00   0.00   0.00   0.00   0.00]
G [  2.00   0.00   0.00   0.00   0.00   0.00   7.00]
T [ 11.00  17.00   0.00   0.00  17.00  17.00   1.00]
>MA0227.1 hth
A [  0.00   0.00  17.00   0.00  14.00   0.00]
C [  0.00   0.00   0.00  17.00   0.00   0.00]
G [  0.00  17.00   0.00   0.00   3.00   8.00]
T [ 17.00   0.00   0.00   0.00   0.00   4.00]
>MA0228.1 ind
A [  0.00   0.00  21.00  21.00   0.00   0.00  19.00]
C [ 12.00   0.00   0.00   0.00   0.00   0.00   0.00]
G [  0.00   0.00   0.00   0.00   1.00   8.00   2.00]
T [  9.00  21.00   0.00   0.00  20.00  13.00   0.00]
>MA0229.1 inv
A [  4.00   1.00   0.00  16.00  16.00   0.00   0.00  11.00]
C [  0.00   9.00   0.00   0.00   0.00   0.00   0.00   0.00]
G [  3.00   0.00   0.00   0.00   0.00   0.00   0.00   5.00]
T [  9.00   6.00  16.00   0.00   0.00  16.00  16.00   0.00]
>MA0230.1 lab
A [  1.00   0.00  16.00  16.00   1.00   0.00  16.00]
C [  3.00   0.00   0.00   0.00   0.00   0.00   0.00]
G [  0.00   0.00   0.00   0.00   0.00   6.00   0.00]
T [ 12.00  16.00   0.00   0.00  15.00  10.00   0.00]
>MA0231.1 lbe
A [  0.00  22.00  22.00   1.00   4.00  19.00]
C [  0.00   0.00   0.00  10.00   5.00   0.00]
G [  0.00   0.00   0.00   2.00   3.00   3.00]
T [ 22.00   0.00   0.00   9.00  10.00   0.00]
>MA0232.1 lbl
A [  0.00  23.00  23.00   0.00   1.00  17.00]
C [  0.00   0.00   0.00   5.00   3.00   0.00]
G [  0.00   0.00   0.00   0.00   7.00   6.00]
T [ 23.00   0.00   0.00  18.00  12.00   0.00]
>MA0233.1 mirr
A [ 20.00  29.00  41.00   0.00  41.00]
C [  1.00   0.00   0.00  41.00   0.00]
G [  1.00   2.00   0.00   0.00   0.00]
T [ 19.00  10.00   0.00   0.00   0.00]
>MA0234.1 oc
A [  0.00  19.00  19.00   0.00   0.00   0.00]
C [  0.00   0.00   0.00   0.00  19.00  17.00]
G [  0.00   0.00   0.00   2.00   0.00   1.00]
T [ 19.00   0.00   0.00  17.00   0.00   1.00]
>MA0235.1 onecut
A [  1.00   0.00   0.00  15.00   0.00   0.00   5.00]
C [  2.00   0.00   0.00   0.00   0.00   0.00   0.00]
G [  0.00   0.00  15.00   0.00   0.00   0.00   4.00]
T [ 12.00  15.00   0.00   0.00  15.00  15.00   6.00]
>MA0236.1 otp
A [  1.00   0.00  20.00  20.00   0.00   0.00  15.00]
C [  6.00   1.00   0.00   0.00   0.00   1.00   0.00]
G [  2.00   0.00   0.00   0.00   0.00   4.00   3.00]
T [ 11.00  19.00   0.00   0.00  20.00  15.00   2.00]
>MA0237.2 pan
A [  0.00   0.00   0.00   0.00   7.00  11.00   7.00   0.00   0.00   0.00   0.00  11.00  34.00  22.00]
C [  0.00  71.00   0.00  20.00  43.00  10.00  40.00  30.00   0.00   0.00   0.00   9.00   0.00   0.00]
G [ 34.00   0.00  71.00  40.00   3.00  19.00   0.00  15.00   0.00   0.00  11.00  41.00  21.00   0.00]
T [ 37.00   0.00   0.00  11.00  18.00  31.00  24.00  26.00  71.00  71.00  60.00  10.00  16.00  49.00]
>MA0238.1 pb
A [  4.00   0.00  24.00  24.00   0.00   0.00  24.00]
C [  9.00   0.00   0.00   0.00   0.00   0.00   0.00]
G [  0.00   0.00   0.00   0.00   0.00  11.00   0.00]
T [ 11.00  24.00   0.00   0.00  24.00  13.00   0.00]
>MA0239.1 prd
A [ 10.00   1.00   4.00  20.00  21.00   0.00   7.00   0.00   5.00]
C [  4.00   4.00   2.00   0.00   0.00  21.00   5.00   0.00   4.00]
G [  0.00  14.00   2.00   0.00   0.00   0.00   3.00  21.00   2.00]
T [  7.00   2.00  13.00   1.00   0.00   0.00   6.00   0.00  10.00]
>MA0240.1 repo
A [  1.00   1.00  27.00  28.00   0.00   0.00  21.00]
C [  4.00   0.00   0.00   0.00   0.00   0.00   0.00]
G [  4.00   0.00   0.00   0.00   0.00   0.00   7.00]
T [ 19.00  27.00   1.00   0.00  28.00  28.00   0.00]
>MA0241.1 ro
A [  1.00   0.00  23.00  23.00   0.00   0.00  19.00]
C [ 12.00   0.00   0.00   0.00   0.00   0.00   0.00]
G [  3.00   0.00   0.00   0.00   0.00   3.00   4.00]
T [  7.00  23.00   0.00   0.00  23.00  20.00   0.00]
>MA0242.1 Bgb::run
A [ 12.00  27.00  28.00   0.00   0.00   5.00   0.00  28.00  20.00]
C [  2.00   0.00   0.00  29.00  28.00   1.00  29.00   0.00   0.00]
G [  0.00   1.00   1.00   0.00   1.00  23.00   0.00   0.00   9.00]
T [ 15.00   1.00   0.00   0.00   0.00   0.00   0.00   1.00   0.00]
>MA0243.1 sd
A [  3.00   8.00   4.00  14.00   1.00   3.00   0.00   3.00   4.00   5.00   5.00   4.00]
C [  0.00   1.00   8.00   0.00   1.00   0.00   8.00   5.00   1.00   6.00   1.00   3.00]
G [  8.00   1.00   1.00   0.00   0.00   1.00   0.00   3.00   2.00   3.00   7.00   4.00]
T [  3.00   4.00   1.00   0.00  12.00  10.00   6.00   3.00   7.00   0.00   1.00   3.00]
>MA0244.1 slbo
A [  9.00   0.00   0.00   3.00   2.00   7.00   6.00  11.00]
C [  1.00   1.00   0.00   2.00  10.00   2.00   5.00   1.00]
G [  1.00   0.00   3.00   7.00   0.00   2.00   1.00   0.00]
T [  1.00  11.00   9.00   0.00   0.00   1.00   0.00   0.00]
>MA0245.1 slou
A [  3.00   0.00  22.00  21.00   0.00   2.00  11.00]
C [  5.00   1.00   0.00   0.00   0.00   1.00   0.00]
G [  1.00   0.00   0.00   1.00   0.00   5.00  11.00]
T [ 13.00  21.00   0.00   0.00  22.00  14.00   0.00]
>MA0246.1 so
A [  0.00   0.00  27.00   0.00  27.00   0.00]
C [  0.00   0.00   0.00   0.00   0.00  10.00]
G [  1.00  27.00   0.00   1.00   0.00   0.00]
T [ 26.00   0.00   0.00  26.00   0.00   3.00]
>MA0247.2 tin
A [136.00   0.00   0.00   0.00 326.00 515.00   0.00   0.00   0.00  13.00]
C [ 54.00 188.00  51.00 425.00   0.00   0.00   0.00   0.00   0.00 157.00]
G [ 80.00 137.00   0.00  34.00 189.00   0.00 515.00   0.00 515.00 301.00]
T [245.00 190.00 464.00  56.00   0.00   0.00   0.00 515.00   0.00  44.00]
>MA0248.1 tup
A [  4.00   1.00  16.00  16.00   0.00   1.00   2.00]
C [  2.00   0.00   0.00   0.00   0.00   0.00   0.00]
G [  1.00   0.00   0.00   0.00   2.00   7.00  13.00]
T [  9.00  15.00   0.00   0.00  14.00   8.00   1.00]
>MA0249.1 twi
A [  1.00   3.00   1.00   0.00  11.00   0.00   7.00   0.00   0.00   1.00   1.00   2.00]
C [  4.00   7.00   3.00  14.00   3.00   4.00   1.00   0.00   0.00   0.00   2.00   3.00]
G [  3.00   3.00  10.00   1.00   1.00   1.00   5.00   0.00  12.00   2.00   2.00   8.00]
T [  7.00   2.00   1.00   0.00   0.00  10.00   2.00  15.00   3.00  12.00  10.00   2.00]
>MA0250.1 unc-4
A [  1.00   0.00  21.00  21.00   0.00   1.00   6.00]
C [  5.00   0.00   0.00   0.00   0.00   0.00   1.00]
G [  2.00   0.00   0.00   0.00   0.00   0.00  14.00]
T [ 13.00  21.00   0.00   0.00  21.00  20.00   0.00]
>MA0251.1 unpg
A [  1.00   1.00  21.00  21.00   0.00   0.00  14.00]
C [  6.00   0.00   0.00   0.00   0.00   0.00   0.00]
G [  4.00   0.00   0.00   0.00   0.00   2.00   7.00]
T [ 10.00  20.00   0.00   0.00  21.00  19.00   0.00]
>MA0252.1 vis
A [  0.00   0.00  22.00   0.00  22.00   2.00]
C [  0.00   0.00   0.00  22.00   0.00   4.00]
G [  0.00  22.00   0.00   0.00   0.00   8.00]
T [ 22.00   0.00   0.00   0.00   0.00   2.00]
>MA0253.1 vnd
A [  4.00   1.00   0.00   0.00  19.00  19.00   0.00   2.00   9.00]
C [  0.00   8.00   0.00  15.00   0.00   0.00   0.00   0.00   0.00]
G [  2.00   1.00   0.00   2.00   0.00   0.00  19.00   0.00  10.00]
T [ 13.00   9.00  19.00   2.00   0.00   0.00   0.00  17.00   0.00]
>MA0254.1 vvl
A [  0.00  11.00   2.00   0.00   3.00  11.00]
C [  2.00   0.00   2.00   0.00   8.00   0.00]
G [  0.00   0.00   0.00   6.00   0.00   0.00]
T [  9.00   0.00   7.00   5.00   0.00   0.00]
>MA0255.1 z
A [ 11.00   1.00   1.00  41.00   1.00   8.00   2.00  18.00  10.00  14.00]
C [  3.00   7.00   0.00   0.00   0.00  10.00   6.00   7.00   5.00   6.00]
G [  5.00   3.00  40.00   0.00  40.00   0.00  29.00  11.00  12.00   2.00]
T [ 22.00  30.00   0.00   0.00   0.00  23.00   4.00   5.00  14.00  19.00]
>MA0256.1 zen
A [  2.00   0.00  16.00  16.00   0.00   0.00  16.00]
C [  9.00   0.00   0.00   0.00   0.00   0.00   0.00]
G [  0.00   0.00   0.00   0.00   0.00  11.00   0.00]
T [  5.00  16.00   0.00   0.00  16.00   5.00   0.00]
>MA0257.1 zen2
A [  3.00   1.00  26.00  26.00   0.00   0.00  22.00]
C [  7.00   0.00   0.00   0.00   1.00   0.00   0.00]
G [  5.00   0.00   0.00   0.00   0.00  10.00   4.00]
T [ 11.00  25.00   0.00   0.00  25.00  16.00   0.00]
>MA0443.1 btd
A [ 14.00  10.00   4.00   2.00   0.00   0.00   2.00   0.00   0.00  15.00]
C [  3.00   0.00   0.00   0.00   0.00   0.00  28.00   0.00   0.00   1.00]
G [  7.00  20.00  18.00  28.00  30.00  30.00   0.00  30.00  20.00  10.00]
T [  6.00   0.00   8.00   0.00   0.00   0.00   0.00   0.00  10.00   4.00]
>MA0444.1 CG34031
A [  0.00   0.00  22.00  25.00   2.00   7.00   3.00]
C [  1.00   0.00   0.00   0.00   0.00   0.00   0.00]
G [  1.00   0.00   0.00   0.00   0.00   1.00  22.00]
T [ 23.00  25.00   3.00   0.00  23.00  17.00   0.00]
>MA0445.1 D
A [  1.00   0.00   0.00  20.00   0.00   0.00   2.00   0.00   1.00   4.00   6.00]
C [  8.00  25.00  17.00   0.00   0.00   0.00   0.00   0.00   2.00  10.00   1.00]
G [  7.00   0.00   0.00   0.00   0.00   3.00  27.00   0.00   4.00   6.00   1.00]
T [ 13.00   4.00  12.00   9.00  29.00  26.00   0.00  29.00  22.00   9.00  21.00]
>MA0446.1 fkh
A [  3.00   5.00   0.00   0.00   0.00  13.00   4.00   6.00   0.00  23.00  15.00]
C [  0.00   0.00   0.00   0.00   0.00   0.00  13.00   7.00  11.00   0.00   4.00]
G [  0.00  22.00   0.00   0.00   1.00  14.00   2.00   3.00   2.00   1.00   4.00]
T [ 24.00   0.00  27.00  27.00  26.00   0.00   8.00  11.00  14.00   3.00   4.00]
>MA0447.1 gt
A [ 28.00   0.00   1.00  54.00   0.00   7.00   0.00  55.00  60.00   2.00]
C [  5.00   0.00   1.00   0.00  53.00   0.00   6.00   3.00   0.00  25.00]
G [ 25.00   0.00   3.00   6.00   0.00  53.00   0.00   1.00   0.00   5.00]
T [  2.00  60.00  55.00   0.00   7.00   0.00  54.00   1.00   0.00  28.00]
>MA0448.1 H2.0
A [  6.00   2.00  16.00  31.00   0.00   8.00  24.00]
C [  3.00   1.00   1.00   0.00   0.00   0.00   0.00]
G [  4.00   0.00   1.00   0.00   0.00   9.00   7.00]
T [ 19.00  29.00  14.00   1.00  32.00  15.00   1.00]
>MA0449.1 h
A [  1.00   3.00   1.00  22.00   1.00   2.00   1.00   1.00   7.00   1.00]
C [  2.00   7.00  31.00   1.00  30.00   1.00  10.00   1.00  17.00  30.00]
G [ 30.00  17.00   1.00  10.00   1.00  30.00   1.00  31.00   7.00   2.00]
T [  1.00   7.00   1.00   1.00   2.00   1.00  22.00   1.00   3.00   1.00]
>MA0450.1 hkb
A [  3.00   8.00   0.00   0.00   0.00   0.00   0.00   0.00  24.00]
C [  0.00   0.00   0.00   0.00  32.00   0.00   0.00   0.00   3.00]
G [ 18.00  24.00  32.00  32.00   0.00  32.00   3.00  31.00   2.00]
T [ 11.00   0.00   0.00   0.00   0.00   0.00  29.00   1.00   3.00]
>MA0451.1 kni
A [ 19.00  25.00  16.00   5.00   0.00  21.00   0.00  17.00   1.00   0.00  25.00   5.00]
C [  1.00   1.00   0.00   9.00   4.00   0.00   0.00   0.00   3.00  26.00   0.00  12.00]
G [  2.00   0.00   0.00   6.00   1.00   5.00  26.00   8.00  18.00   0.00   1.00   7.00]
T [  4.00   0.00  10.00   6.00  21.00   0.00   0.00   1.00   4.00   0.00   0.00   2.00]
>MA0452.2 Kr
A [179.00 205.00 151.00 1248.00 1080.00  11.00   0.00   0.00   0.00   0.00   0.00 113.00 318.00 211.00]
C [422.00 189.00 386.00   0.00 216.00 1170.00 1177.00 1296.00 202.00   0.00 113.00 399.00 322.00 434.00]
G [238.00 218.00  73.00   0.00   0.00   0.00   0.00   0.00   0.00   0.00   0.00 231.00 285.00 219.00]
T [457.00 684.00 686.00  48.00   0.00 115.00 119.00   0.00 1094.00 1296.00 1183.00 553.00 371.00 432.00]
>MA0454.1 odd
A [  7.00  10.00   0.00  12.00   0.00   0.00  15.00   0.00   0.00  11.00   5.00]
C [  5.00   5.00  14.00   0.00   0.00   0.00   0.00   0.00  15.00   3.00   4.00]
G [  0.00   0.00   1.00   3.00  15.00   0.00   0.00  15.00   0.00   1.00   6.00]
T [  3.00   0.00   0.00   0.00   0.00  15.00   0.00   0.00   0.00   0.00   0.00]
>MA0456.1 opa
A [  0.00  10.00   1.00   1.00   0.00   0.00   0.00   0.00   4.00   0.00   3.00   2.00]
C [  1.00   7.00  16.00  15.00  16.00  18.00  18.00  14.00   0.00  14.00   1.00   0.00]
G [ 15.00   1.00   0.00   1.00   1.00   0.00   0.00   0.00  13.00   2.00   4.00  16.00]
T [  2.00   0.00   1.00   1.00   1.00   0.00   0.00   4.00   1.00   2.00  10.00   0.00]
>MA0457.1 PHDP
A [  4.00   0.00  16.00  17.00   0.00   1.00   8.00]
C [  6.00   0.00   0.00   0.00   0.00   0.00   1.00]
G [  0.00   0.00   0.00   0.00   0.00   1.00   4.00]
T [  7.00  17.00   1.00   0.00  17.00  15.00   4.00]
>MA0458.1 slp1
A [  8.00   0.00   3.00   0.00   0.00   0.00  27.00   1.00  17.00   4.00  15.00]
C [  3.00   0.00   0.00   0.00   0.00   0.00   0.00  22.00   8.00  13.00   3.00]
G [ 14.00   0.00  38.00   0.00   1.00   2.00   4.00   7.00  15.00   3.00   4.00]
T [ 16.00  41.00   0.00  41.00  40.00  39.00  10.00  11.00   1.00  21.00  19.00]
>MA0459.1 tll
A [ 20.00  29.00  33.00  31.00   0.00   0.00   0.00  33.00  31.00  17.00]
C [  4.00   0.00   0.00   1.00   0.00   2.00  33.00   0.00   0.00  10.00]
G [  4.00   4.00   0.00   1.00  33.00   0.00   0.00   0.00   1.00   2.00]
T [  5.00   0.00   0.00   0.00   0.00  31.00   0.00   0.00   1.00   4.00]
>MA0460.1 ttk
A [ 10.00  22.00   0.00   0.00  22.00   0.00  21.00  22.00   1.00]
C [  8.00   0.00   0.00   0.00   0.00   5.00   0.00   0.00   5.00]
G [  3.00   0.00  22.00  22.00   0.00   0.00   0.00   0.00   3.00]
T [  1.00   0.00   0.00   0.00   0.00  17.00   1.00   0.00  13.00]
>MA0529.1 BEAF-32
A [746.00 959.00 1256.00 1871.00 1982.00 2196.00 1547.00 745.00 3908.00   0.00   0.00  77.00 3613.00 428.00 2162.00]
C [872.00 1437.00 847.00 1358.00 344.00 324.00 1841.00 635.00   0.00   0.00 3985.00   0.00   0.00 170.00   0.00]
G [1132.00 847.00 1309.00 756.00 671.00 1013.00 597.00   0.00  77.00   0.00   0.00 3908.00 372.00   0.00 788.00]
T [1235.00 742.00 573.00   0.00 988.00 452.00   0.00 2605.00   0.00 3985.00   0.00   0.00   0.00 3387.00 1035.00]
>MA0530.1 cnc::maf-S
A [142.00 340.00   0.00   0.00 407.00   0.00  80.00  78.00 136.00  24.00   0.00 368.00 133.00 221.00 214.00]
C [113.00  20.00   0.00   0.00  46.00 292.00   0.00 215.00  33.00   0.00 474.00   0.00 128.00  63.00  12.00]
G [159.00 114.00   0.00 474.00  21.00  80.00 169.00  90.00 163.00 422.00   0.00 106.00  99.00   0.00   0.00]
T [ 60.00   0.00 474.00   0.00   0.00 102.00 225.00  91.00 142.00  28.00   0.00   0.00 114.00 190.00 248.00]
>MA0531.1 CTCF
A [306.00 313.00 457.00 676.00 257.00 1534.00 202.00 987.00   2.00   0.00   2.00 124.00   1.00  79.00 231.00]
C [876.00 1147.00 383.00 784.00 714.00   1.00   0.00   0.00   4.00   0.00   0.00 1645.00   0.00 1514.00 773.00]
G [403.00 219.00 826.00 350.00  87.00 192.00 1700.00 912.00 311.00 1902.00 1652.00   3.00 1807.00   8.00 144.00]
T [317.00 223.00 236.00  92.00 844.00 175.00   0.00   3.00 1585.00   0.00 248.00 130.00  94.00 301.00 754.00]
>MA0532.1 Stat92E
A [ 15.00  24.00  27.00  91.00  47.00   0.00   0.00   0.00   0.00  38.00  41.00   0.00 113.00 118.00  63.00]
C [ 50.00  22.00  35.00   1.00   0.00   1.00   6.00 106.00  67.00  21.00   2.00   1.00   0.00   0.00   9.00]
G [ 24.00  59.00  41.00  17.00  27.00   1.00   0.00   0.00  14.00  30.00  70.00 117.00   2.00   0.00  10.00]
T [ 29.00  13.00  15.00   9.00  44.00 116.00 112.00  12.00  37.00  29.00   5.00   0.00   3.00   0.00  36.00]
>MA0533.1 su(Hw)
A [336.00 243.00 778.00 855.00 2767.00 3438.00 4217.00 3904.00 410.00  17.00 4276.00   7.00 199.00 116.00 2821.00 3392.00 523.00 2535.00 1815.00 2231.00 1996.00]
C [1133.00 4116.00 3001.00 1480.00 586.00 208.00  93.00  19.00 235.00 441.00  21.00  11.00   5.00 4594.00 411.00 296.00 2430.00 354.00 1284.00 447.00 379.00]
G [2808.00  35.00 231.00 977.00 925.00 529.00 295.00 316.00 3759.00  96.00  95.00 1140.00 4526.00   6.00   8.00 713.00 191.00 1409.00 770.00 345.00 351.00]
T [460.00 343.00 727.00 1425.00 459.00 562.00 132.00 498.00 333.00 4183.00 345.00 3579.00   7.00  21.00 1497.00 336.00 1593.00 439.00 868.00 1714.00 2011.00]
>MA0534.1 EcR::usp
A [ 29.00  60.00  19.00   5.00   9.00  12.00  74.00  34.00   0.00   0.00  66.00  49.00  21.00   0.00  24.00]
C [ 36.00  12.00  10.00   3.00   0.00  66.00   0.00  11.00   0.00   0.00  33.00  55.00  57.00  34.00  28.00]
G [ 39.00  32.00  75.00  35.00   0.00   0.00  30.00   5.00   0.00 104.00   0.00   0.00   0.00   0.00   0.00]
T [  0.00   0.00   0.00  61.00  95.00  26.00   0.00  54.00 104.00   0.00   5.00   0.00  26.00  70.00  52.00]
>MA0535.1 Mad
A [  0.00  35.00   0.00  35.00   0.00   0.00  23.00   0.00  29.00  29.00  11.00  29.00  12.00  32.00  11.00]
C [ 48.00  26.00  14.00   0.00 102.00   0.00  65.00  71.00   0.00  39.00  53.00   0.00  48.00  34.00  28.00]
G [ 47.00  13.00  88.00  56.00   0.00 102.00   0.00  31.00  73.00  34.00  25.00  73.00  27.00  16.00  63.00]
T [  7.00  28.00   0.00  11.00   0.00   0.00  14.00   0.00   0.00   0.00  13.00   0.00  15.00  20.00   0.00]
>MA0536.1 pnr
A [ 82.00 802.00   0.00   0.00   0.00 869.00   0.00 580.00 123.00  58.00  91.00]
C [180.00   0.00  32.00 869.00   0.00   0.00   0.00   0.00   0.00 278.00 273.00]
G [  5.00   0.00   1.00   0.00 869.00   0.00   0.00  87.00 530.00 194.00 110.00]
T [602.00  67.00 836.00   0.00   0.00   0.00 869.00 202.00 216.00 339.00 395.00]
>MA0915.1 dve
A [276.00   0.00 999.00 999.00   0.00   0.00   0.00 348.00]
C [379.00   0.00   0.00   0.00   0.00 999.00 971.00 217.00]
G [138.00   0.00   0.00   0.00   0.00   0.00   0.00 348.00]
T [207.00 999.00   0.00   0.00 999.00   0.00  29.00  87.00]
>MA0916.1 Ets21C
A [  1.00   1.00   1.00   1.00 997.00 897.00 333.00   1.00]
C [996.00 997.00   1.00   1.00   1.00   1.00   1.00 286.00]
G [  1.00   1.00 997.00 997.00   1.00   1.00 665.00   1.00]
T [  1.00   1.00   1.00   1.00   1.00 101.00   1.00 712.00]
>MA0917.1 gcm2
A [730.00   0.00 235.00  47.00  71.00   0.00   0.00  56.00]
C [111.00  12.00  24.00 800.00   0.00   0.00   0.00 352.00]
G [159.00   0.00 741.00 141.00 753.00 1000.00 1000.00  93.00]
T [  0.00 988.00   0.00  12.00 177.00   0.00   0.00 500.00]
