>MA0260.1 che-1
A [  0.00  37.00  37.00  19.00   0.00   0.00]
C [  0.00   0.00   0.00   0.00  37.00  26.00]
G [ 37.00   0.00   0.00  18.00   0.00  11.00]
T [  0.00   0.00   0.00   0.00   0.00   0.00]
>MA0261.1 lin-14
A [  0.00 159.00 159.00   0.00  84.00   6.00]
C [  0.00   0.00   0.00 159.00   7.00  84.00]
G [159.00   0.00   0.00   0.00  56.00  29.00]
T [  0.00   0.00   0.00   0.00  12.00  39.00]
>MA0262.1 mab-3
A [ 76.00  86.00   0.00   0.00   0.00   0.00   0.00   0.00  13.00  62.00  50.00  29.00   8.00]
C [  3.00   0.00   1.00   0.00   0.00   0.00   0.00 100.00  19.00   0.00   0.00  13.00   8.00]
G [ 13.00   0.00   0.00 100.00   0.00   0.00 100.00   0.00  67.00  11.00   6.00  22.00  10.00]
T [  8.00  14.00  99.00   0.00 100.00 100.00   0.00   0.00   1.00  27.00  44.00  36.00  74.00]
>MA0263.1 ceh-10::ttx-3
A [ 28.00   0.00   1.00   9.00   0.00   2.00   3.00   1.00  14.00   4.00   0.00   0.00  24.00  15.00]
C [  0.00   0.00   0.00   0.00   0.00  16.00   5.00   5.00  15.00   3.00   0.00   2.00   1.00   0.00]
G [  1.00   1.00   0.00  20.00  28.00   1.00   1.00   0.00   0.00  22.00   0.00   0.00   0.00   9.00]
T [  0.00  28.00  28.00   0.00   1.00  10.00  20.00  23.00   0.00   0.00  29.00  27.00   4.00   5.00]
>MA0264.1 ceh-22
A [ 33.00   8.00   0.00  93.00   1.00   0.00   0.00   7.00  95.00  46.00  51.00]
C [ 15.00  71.00  89.00   1.00  97.00   0.00  16.00  27.00   0.00  29.00  20.00]
G [ 31.00  19.00   0.00   0.00   0.00   0.00   0.00  63.00   0.00  20.00  15.00]
T [ 19.00   0.00   9.00   5.00   0.00  99.00  83.00   1.00   4.00   3.00  12.00]
>MA0537.1 blmp-1
A [1909.00 3092.00 2926.00 3216.00 842.00 1157.00   0.00 3368.00 2129.00 3081.00 1745.00]
C [  0.00   0.00   0.00   0.00   0.00 335.00   0.00   0.00   0.00   0.00 128.00]
G [1459.00 266.00 442.00 152.00 2060.00 548.00 3368.00   0.00 1086.00 254.00 1383.00]
T [  0.00  10.00   0.00   0.00 466.00 1328.00   0.00   0.00 153.00  33.00 112.00]
>MA0538.1 daf-12
A [ 22.00  71.00  33.00  23.00   0.00   0.00   0.00  15.00   0.00   1.00   0.00   0.00  32.00  17.00  17.00]
C [ 20.00   0.00   0.00  52.00   0.00  52.00   0.00  25.00  20.00   0.00   1.00  79.00   0.00  20.00  43.00]
G [113.00  13.00 123.00   6.00 156.00   0.00 156.00  14.00  97.00   0.00 154.00  16.00  84.00  28.00  56.00]
T [  1.00  72.00   0.00  75.00   0.00 104.00   0.00 102.00  39.00 155.00   1.00  61.00  40.00  91.00  40.00]
>MA0540.1 dpy-27
A [  0.00   2.00   1.00   1.00   0.00   0.00   0.00   0.00   1.00   0.00   0.00   3.00  16.00   8.00   9.00  12.00]
C [  6.00   8.00   0.00  19.00  22.00  22.00   0.00   0.00  19.00   0.00  21.00   3.00   0.00   0.00   0.00   1.00]
G [  3.00   8.00   3.00   0.00   0.00   0.00   0.00  14.00   1.00  22.00   0.00  13.00   0.00   3.00   6.00   9.00]
T [ 13.00   4.00  18.00   2.00   0.00   0.00  22.00   8.00   1.00   0.00   1.00   3.00   6.00  11.00   7.00   0.00]
>MA0541.1 efl-1
A [662.00 589.00 580.00 352.00  92.00  61.00  11.00   0.00   0.00 133.00 2096.00 2011.00 1424.00 696.00 319.00]
C [738.00 391.00 799.00 314.00 1150.00  22.00 2192.00   0.00 1239.00 628.00  55.00  26.00 137.00 214.00 389.00]
G [194.00 811.00 166.00 875.00 893.00 2123.00   3.00 2206.00 967.00 1445.00  18.00 156.00 177.00 171.00 352.00]
T [612.00 415.00 661.00 665.00  71.00   0.00   0.00   0.00   0.00   0.00  37.00  13.00 468.00 1125.00 1146.00]
>MA0542.1 elt-3
A [  0.00   0.00   0.00   0.00 722.00   0.00   0.00 722.00]
C [108.00 432.00   0.00   0.00   0.00   0.00 722.00   0.00]
G [  0.00 124.00   0.00   0.00   0.00   0.00   0.00   0.00]
T [614.00 166.00 722.00 722.00   0.00 722.00   0.00   0.00]
>MA0543.1 eor-1
A [439.00 457.00 939.00 133.00 1206.00 100.00 1153.00 262.00 429.00 237.00 1184.00  74.00 1170.00 202.00 974.00]
C [169.00 133.00  89.00   2.00   1.00   0.00  12.00 597.00  44.00 547.00  41.00  28.00   3.00 336.00  26.00]
G [427.00 497.00 167.00 1113.00   0.00 1126.00  70.00 319.00 694.00 403.00  28.00 1151.00  74.00 686.00 184.00]
T [218.00 166.00  58.00   5.00  46.00  27.00  18.00  75.00  86.00  66.00   0.00   0.00   6.00  29.00  69.00]
>MA0544.1 snpc-4
A [ 90.00   3.00   0.00   2.00   3.00   8.00   4.00  12.00   0.00  10.00   0.00  39.00]
C [  7.00  34.00   0.00   2.00 305.00  12.00   2.00 256.00 179.00   0.00 293.00  65.00]
G [175.00   3.00 310.00   0.00   0.00 278.00 299.00  15.00  30.00 296.00   1.00  37.00]
T [ 38.00 270.00   0.00 306.00   2.00  12.00   5.00  27.00 101.00   4.00  16.00 169.00]
>MA0545.1 hlh-1
A [ 71.00 306.00 289.00   0.00 381.00  68.00  23.00   0.00   0.00  97.00   0.00]
C [139.00  22.00  15.00 381.00   0.00  13.00 264.00   3.00   0.00  75.00 261.00]
G [148.00  53.00  72.00   0.00   0.00 297.00  12.00   0.00 381.00  77.00  22.00]
T [ 23.00   0.00   5.00   0.00   0.00   3.00  82.00 378.00   0.00 132.00  98.00]
>MA0546.1 pha-4
A [585.00 534.00 537.00  41.00   0.00 862.00 1010.00 1010.00   0.00 1010.00]
C [ 71.00   0.00   0.00   0.00 407.00 148.00   0.00   0.00 623.00   0.00]
G [  0.00 471.00  79.00 969.00   0.00   0.00   0.00   0.00   0.00   0.00]
T [354.00   5.00 394.00   0.00 603.00   0.00   0.00   0.00 387.00   0.00]
>MA0547.1 skn-1
A [190.00 237.00 209.00 268.00  32.00   0.00 265.00  20.00   0.00 318.00  31.00 249.00 240.00 139.00  92.00]
C [ 43.00  12.00  24.00   0.00  36.00  17.00  35.00   0.00   0.00   0.00 179.00   0.00   0.00  16.00  37.00]
G [ 62.00  39.00  55.00  16.00  26.00 301.00   5.00   0.00 318.00   0.00  22.00  28.00   0.00  21.00  53.00]
T [ 23.00  30.00  30.00  34.00 224.00   0.00  13.00 298.00   0.00   0.00  86.00  41.00  78.00 142.00 136.00]
>MA0918.1 unc-62
A [217.00 718.00 139.00 253.00   0.00   0.00   0.00  94.00 806.00 156.00 205.00 227.00]
C [217.00  94.00 383.00 601.00   0.00   0.00   0.00 906.00  34.00 255.00 205.00 227.00]
G [350.00  94.00 432.00  24.00   0.00 999.00   0.00   0.00  34.00 244.00 205.00 227.00]
T [217.00  94.00  46.00 122.00 999.00   0.00 999.00   0.00 127.00 344.00 386.00 320.00]
>MA0919.1 dsc-1
A [330.00 114.00  63.00 817.00 960.00  12.00  63.00 787.00 334.00 174.00]
C [199.00 405.00 138.00  53.00  12.00  16.00  66.00  13.00 146.00 296.00]
G [296.00 146.00  13.00  66.00  16.00  12.00  53.00 138.00 405.00 199.00]
T [174.00 334.00 787.00  63.00  12.00 960.00 817.00  63.00 114.00 330.00]
>MA0920.1 fkh-2
A [416.00  29.00 828.00 942.00 999.00  57.00 999.00 434.00]
C [  0.00   0.00 172.00   0.00   0.00 914.00   0.00 217.00]
G [541.00   0.00   0.00   0.00   0.00   0.00   0.00 131.00]
T [ 42.00 971.00   0.00  57.00   0.00  29.00   0.00 217.00]
>MA0921.1 ceh-48
A [395.00 442.00  54.00  95.00 386.00 931.00  26.00 535.00 342.00]
C [143.00 138.00 358.00 789.00  36.00   1.00   0.00 135.00 214.00]
G [268.00 196.00  54.00  55.00 511.00   0.00   0.00 128.00 182.00]
T [194.00 224.00 534.00  62.00  66.00  68.00 974.00 203.00 261.00]
>MA0922.1 ces-2
A [990.00   2.00 167.00 995.00   2.00 498.00   2.00 995.00 990.00]
C [  3.00   2.00   2.00   2.00 664.00   2.00 167.00   2.00   3.00]
G [  3.00   2.00   2.00   2.00   2.00 498.00   2.00   2.00   3.00]
T [  3.00 995.00 829.00   2.00 333.00   2.00 829.00   2.00   3.00]
>MA0923.1 lim-4
A [274.00 112.00  22.00 852.00 980.00   7.00  10.00 939.00 514.00]
C [238.00 403.00 291.00 117.00   7.00   4.00 103.00  10.00  52.00]
G [312.00 304.00   6.00  20.00  12.00   3.00  49.00  13.00 331.00]
T [176.00 181.00 681.00  11.00   2.00 985.00 839.00  38.00 103.00]
>MA0924.1 pal-1
A [ 91.00   1.00 921.00 998.00   1.00 538.00 998.00 886.00]
C [  1.00 308.00  77.00   1.00   1.00   1.00   1.00 112.00]
G [907.00   1.00   1.00   1.00   1.00   1.00   1.00   1.00]
T [  1.00 691.00   1.00   1.00 998.00 461.00   1.00   1.00]
>MA0925.1 sma-4
A [331.00 273.00  33.00   0.00  83.00   0.00   0.00 215.00  27.00 360.00 217.00]
C [223.00 228.00  33.00   0.00   0.00 1000.00   0.00   0.00  27.00 242.00 349.00]
G [223.00 300.00  33.00 917.00   0.00   0.00   0.00 785.00 836.00 256.00 217.00]
T [223.00 199.00 901.00  83.00 917.00   0.00 1000.00   0.00 110.00 142.00 217.00]
>MA0926.1 unc-86
A [499.00   1.00 997.00   1.00   1.00  91.00 997.00   1.00]
C [  1.00   1.00   1.00   1.00   1.00 907.00   1.00   1.00]
G [250.00   1.00   1.00  91.00 907.00   1.00   1.00   1.00]
T [250.00 997.00   1.00 907.00  91.00   1.00   1.00 996.00]
>MA0927.1 vab-7
A [212.00  18.00 787.00 992.00   0.00   8.00 894.00 613.00]
C [600.00 117.00 165.00   8.00  24.00  24.00   0.00 227.00]
G [153.00   0.00  32.00   0.00   8.00 136.00  97.00  53.00]
T [ 35.00 865.00  16.00   0.00 969.00 832.00   9.00 107.00]
>MA0928.1 zfh-2
A [322.00 345.00  61.00   0.00 1000.00 1000.00   0.00   0.00 928.00 202.00 270.00]
C [226.00 233.00 213.00   0.00   0.00   0.00   0.00   0.00  24.00  95.00 189.00]
G [226.00 266.00  61.00   0.00   0.00   0.00   0.00   0.00  24.00 609.00 270.00]
T [226.00 155.00 665.00 1000.00   0.00   0.00 1000.00 1000.00  24.00  95.00 270.00]
